#random,socket,other,time0 0 0 05-1814
12 8 5 05-1816
12 8 5 05-1817
12 8 5 05-1818
12 8 5 05-1819
12 8 5 05-1820
12 8 5 05-1821
12 8 5 05-1822
12 8 5 05-1823
12 8 5 05-1900
12 8 5 05-1901
12 8 5 05-1902
12 8 5 05-1903
12 8 5 05-1904
12 8 5 05-1905
12 8 5 05-1906
12 8 5 05-1907
12 8 5 05-1908
12 8 5 05-1909
12 8 5 05-1910
12 8 5 05-1911
12 4 5 05-1912
12 4 5 05-1912
12 4 5 05-1913
12 4 5 05-1913
12 4 5 05-1914
12 4 5 05-1915
12 4 5 05-1916
12 4 5 05-1917
12 4 5 05-1918
12 4 5 05-1919
12 4 5 05-1920
12 4 5 05-1921
12 4 5 05-1922
12 4 5 05-1923
12 4 5 05-2000
12 4 5 05-2001
12 4 5 05-2002
12 4 5 05-2003
12 4 5 05-2004
12 4 5 05-2005
12 4 5 05-2006
12 4 5 05-2007
12 4 5 05-2008
12 4 5 05-2009
12 4 5 05-2010
12 4 5 05-2011
12 4 5 05-2012
12 4 5 05-2013
12 4 5 05-2014
12 4 5 05-2015
12 4 5 05-2016
12 4 5 05-2017
12 4 5 05-2018
12 4 5 05-2019
12 4 5 05-2020
12 4 5 05-2021
12 4 5 05-2022
12 4 5 05-2023
12 4 5 05-2100
12 4 5 05-2101
12 4 5 05-2102
12 4 5 05-2103
12 4 5 05-2104
12 4 5 05-2105
12 4 5 05-2106
12 4 5 05-2107
12 4 5 05-2108
12 4 5 05-2109
12 4 5 05-2110
12 4 5 05-2111
12 4 5 05-2112
12 4 5 05-2113
12 4 5 05-2114
12 4 5 05-2115
12 4 5 05-2116
12 4 5 05-2117
12 4 5 05-2118
12 4 5 05-2119
12 4 5 05-2120
12 4 5 05-2121
12 4 5 05-2122
12 4 5 05-2123
12 4 5 05-2200
12 4 5 05-2201
12 4 5 05-2202
12 4 5 05-2203
12 4 5 05-2204
12 4 5 05-2205
12 4 5 05-2206
12 4 5 05-2207
12 4 5 05-2208
12 4 5 05-2209
12 4 5 05-2210
12 4 5 05-2211
12 4 5 05-2212
12 4 5 05-2213
12 4 5 05-2214
12 4 5 05-2215
12 4 5 05-2216
12 4 5 05-2217
12 4 5 05-2218
12 4 5 05-2219
12 4 5 05-2220
12 4 5 05-2221
12 4 5 05-2222
12 4 5 05-2223
12 4 5 05-2300
12 4 5 05-2301
12 4 5 05-2302
12 4 5 05-2303
12 4 5 05-2304
12 4 5 05-2305
12 4 5 05-2306
12 4 5 05-2307
12 4 5 05-2308
12 4 5 05-2309
12 4 5 05-2310
12 4 5 05-2311
12 4 5 05-2312
12 4 5 05-2313
12 7 5 05-2314
12 7 5 05-2314
12 7 5 05-2314
12 7 5 05-2315
12 9 5 05-2316
12 9 5 05-2317
12 9 5 05-2318
12 9 5 05-2319
12 9 5 05-2320
12 9 5 05-2321
12 9 5 05-2322
12 9 5 05-2323
12 9 5 05-2400
12 9 5 05-2401
12 9 5 05-2402
12 9 5 05-2403
12 9 5 05-2404
12 9 5 05-2405
12 9 5 05-2406
12 9 5 05-2407
12 9 5 05-2408
12 9 5 05-2409
12 9 5 05-2410
12 9 5 05-2411
12 13 5 05-2412
12 13 5 05-2413
12 13 5 05-2414
12 13 5 05-2415
12 13 5 05-2416
12 13 5 05-2417
12 7 5 05-2418
12 7 5 05-2419
12 7 5 05-2420
12 7 5 05-2421
12 7 5 05-2422
12 7 5 05-2423
12 7 5 05-2500
12 7 5 05-2501
12 7 5 05-2502
12 7 5 05-2503
12 7 5 05-2504
12 7 5 05-2505
12 7 5 05-2506
12 7 5 05-2507
12 7 5 05-2508
12 7 5 05-2509
12 7 5 05-2510
12 7 5 05-2511
12 7 5 05-2511
12 7 5 05-2511
12 7 5 05-2512
12 7 5 05-2512
12 7 5 05-2512
12 7 5 05-2512
12 7 5 05-2512
12 7 5 05-2513
12 11 5 05-2514
12 11 5 05-2515
12 15 5 05-2516
12 14 5 05-2517
12 14 5 05-2518
12 14 5 05-2519
12 14 5 05-2520
12 14 5 05-2521
12 14 5 05-2522
12 14 5 05-2523
12 14 5 05-2600
12 13 5 05-2601
12 13 5 05-2602
12 13 5 05-2603
12 13 5 05-2604
12 13 5 05-2605
12 13 5 05-2606
12 13 5 05-2607
12 13 5 05-2608
12 13 5 05-2609
12 13 5 05-2610
12 13 5 05-2611
12 13 5 05-2612
12 13 5 05-2613
12 13 5 05-2614
12 13 5 05-2615
12 13 5 05-2616
12 13 5 05-2617
12 13 5 05-2618
12 13 5 05-2619
12 13 5 05-2620
12 13 5 05-2621
12 13 5 05-2622
12 10 5 05-2623
12 10 5 05-2700
12 10 5 05-2701
12 10 5 05-2702
12 10 5 05-2703
12 10 5 05-2704
12 10 5 05-2705
12 10 5 05-2706
12 10 5 05-2707
12 10 5 05-2708
12 10 5 05-2709
12 10 5 05-2710
12 10 5 05-2710
12 10 5 05-2711
12 10 5 05-2712
12 10 5 05-2713
12 10 5 05-2714
12 10 5 05-2715
12 13 5 05-2716
12 13 5 05-2717
12 13 5 05-2718
12 13 5 05-2719
12 13 5 05-2720
12 13 5 05-2721
12 13 5 05-2722
12 13 5 05-2723
12 13 5 05-2800
12 13 5 05-2801
12 13 5 05-2802
12 13 5 05-2803
12 13 5 05-2804
12 13 5 05-2805
12 13 5 05-2806
12 13 5 05-2807
12 13 5 05-2808
12 13 5 05-2809
12 13 5 05-2810
12 13 5 05-2811
12 13 5 05-2812
12 13 5 05-2813
12 13 5 05-2814
12 13 5 05-2815
12 13 5 05-2816
12 13 5 05-2817
12 13 5 05-2818
12 13 5 05-2819
12 13 5 05-2820
12 13 5 05-2821
12 13 5 05-2822
12 13 5 05-2823
12 13 5 05-2900
12 13 5 05-2901
12 13 5 05-2902
12 13 5 05-2903
12 13 5 05-2904
12 13 5 05-2905
12 13 5 05-2906
12 13 5 05-2907
12 13 5 05-2908
12 13 5 05-2909
12 13 5 05-2910
12 13 5 05-2911
12 13 5 05-2912
12 13 5 05-2913
12 13 5 05-2914
12 13 5 05-2915
12 13 5 05-2916
12 13 5 05-2917
12 13 5 05-2918
12 13 5 05-2919
12 13 5 05-2920
12 13 5 05-2921
12 13 5 05-2922
12 13 5 05-2923
12 13 5 05-3000
12 13 5 05-3001
12 13 5 05-3002
12 13 5 05-3003
12 13 5 05-3004
12 13 5 05-3005
12 13 5 05-3006
12 13 5 05-3007
12 13 5 05-3008
12 13 5 05-3009
12 13 5 05-3010
12 13 5 05-3011
12 13 5 05-3012
12 13 5 05-3013
12 13 5 05-3014
12 13 5 05-3015
12 13 5 05-3016
12 13 5 05-3017
12 13 5 05-3018
12 13 5 05-3019
12 13 5 05-3020
12 13 5 05-3021
12 13 5 05-3022
12 13 5 05-3023
12 13 5 05-3100
12 13 5 05-3101
12 13 5 05-3102
12 13 5 05-3103
12 13 5 05-3104
12 13 5 05-3105
12 13 5 05-3106
12 13 5 05-3107
12 13 5 05-3108
12 13 5 05-3109
12 13 5 05-3110
12 13 5 05-3111
12 13 5 05-3112
12 13 5 05-3113
12 13 5 05-3114
12 13 5 05-3115
0 0 0 05-3116
12 8 6 05-3117
12 6 6 05-3118
12 6 5 05-3119
12 6 5 05-3120
12 6 5 05-3121
12 6 5 05-3122
12 6 5 05-3123
12 6 5 06-0100
12 6 5 06-0101
12 6 5 06-0102
12 6 5 06-0103
12 6 5 06-0104
12 6 5 06-0105
12 6 5 06-0106
12 6 5 06-0107
12 6 5 06-0108
12 6 5 06-0109
12 7 5 06-0110
12 13 9 06-0111
0 0 0 06-0112
0 0 0 06-0113
0 0 0 06-0114
0 0 0 06-0115
12 15 7 06-0116
12 14 7 06-0117
12 15 6 06-0118
12 14 5 06-0119
12 16 5 06-0120
12 15 5 06-0121
12 16 5 06-0122
12 15 5 06-0123
12 16 5 06-0200
12 15 5 06-0201
12 15 5 06-0202
12 13 5 06-0203
12 16 5 06-0204
12 15 5 06-0205
12 16 5 06-0206
12 15 5 06-0207
12 16 5 06-0208
12 14 5 06-0209
12 17 5 06-0210
12 17 5 06-0211
12 16 5 06-0212
12 17 5 06-0213
12 16 5 06-0214
12 16 5 06-0215
12 17 5 06-0216
12 16 5 06-0217
12 17 5 06-0218
12 16 5 06-0219
12 14 5 06-0220
12 17 5 06-0221
12 16 5 06-0222
12 19 6 06-0223
12 18 5 06-0300
12 19 5 06-0301
12 19 5 06-0302
12 18 5 06-0303
12 19 5 06-0304
12 18 5 06-0305
12 18 5 06-0306
12 19 5 06-0307
12 18 5 06-0308
12 19 5 06-0309
12 17 5 06-0310
12 20 5 06-0311
12 22 5 06-0312
12 22 5 06-0313
12 14 6 06-0314
12 15 5 06-0315
12 23 5 06-0316
12 14 5 06-0317
12 14 5 06-0318
12 14 5 06-0319
12 13 5 06-0320
12 14 5 06-0321
12 14 5 06-0322
12 14 5 06-0323
12 14 5 06-0400
12 14 5 06-0401
12 14 5 06-0402
12 14 5 06-0403
12 13 5 06-0404
12 14 5 06-0405
12 14 5 06-0406
12 14 5 06-0407
12 14 5 06-0408
12 14 5 06-0409
12 14 5 06-0410
12 12 5 06-0411
12 14 5 06-0412
12 14 5 06-0413
12 14 5 06-0414
12 14 5 06-0415
12 14 5 06-0416
12 14 5 06-0417
12 14 5 06-0418
12 14 5 06-0419
12 14 5 06-0420
12 14 5 06-0421
12 14 5 06-0422
12 14 5 06-0423
12 14 5 06-0500
12 15 5 06-0501
12 15 5 06-0502
12 14 5 06-0503
12 15 5 06-0504
12 12 5 06-0505
12 15 5 06-0506
12 15 5 06-0507
12 14 5 06-0508
12 15 5 06-0509
12 15 5 06-0510
12 15 5 06-0511
12 15 5 06-0512
12 14 5 06-0513
12 15 5 06-0514
12 15 5 06-0515
12 16 5 06-0516
12 15 5 06-0517
12 15 5 06-0518
12 15 5 06-0519
12 15 5 06-0520
12 15 5 06-0521
12 15 5 06-0522
12 15 5 06-0523
12 15 5 06-0600
12 15 5 06-0601
12 15 5 06-0602
12 15 5 06-0603
12 15 5 06-0604
12 15 5 06-0605
12 16 5 06-0606
12 15 5 06-0607
12 15 5 06-0608
12 15 5 06-0609
12 15 5 06-0610
12 15 5 06-0611
12 15 5 06-0612
12 15 5 06-0613
12 15 5 06-0614
12 15 5 06-0615
12 15 5 06-0616
12 17 5 06-0617
12 17 5 06-0618
12 17 5 06-0619
12 17 5 06-0620
12 14 5 06-0621
12 14 5 06-0622
12 14 5 06-0623
12 14 5 06-0700
12 14 5 06-0701
12 14 5 06-0702
12 14 5 06-0703
12 14 5 06-0704
12 14 5 06-0705
12 14 5 06-0706
12 14 5 06-0707
12 13 5 06-0708
12 14 5 06-0709
12 14 5 06-0710
12 15 5 06-0711
12 15 5 06-0712
12 15 5 06-0713
12 15 5 06-0714
12 15 5 06-0715
12 15 5 06-0716
12 15 5 06-0717
12 15 5 06-0718
12 15 5 06-0719
12 15 5 06-0720
12 15 5 06-0721
12 15 5 06-0722
12 15 5 06-0723
12 15 5 06-0800
12 15 5 06-0801
12 17 5 06-0802
12 17 5 06-0803
12 17 5 06-0804
12 17 5 06-0805
12 17 5 06-0806
12 17 5 06-0807
12 18 5 06-0808
12 18 5 06-0809
12 18 5 06-0810
12 18 5 06-0811
12 18 5 06-0812
12 18 5 06-0813
12 18 5 06-0814
12 18 5 06-0815
12 18 5 06-0816
12 17 5 06-0817
12 18 5 06-0818
12 17 5 06-0819
12 18 5 06-0820
12 18 5 06-0821
12 18 5 06-0822
12 18 5 06-0823
12 18 5 06-0900
12 18 5 06-0901
12 18 5 06-0902
12 18 5 06-0903
12 18 5 06-0904
12 18 5 06-0905
12 18 5 06-0906
12 18 5 06-0907
12 22 5 06-0908
12 22 5 06-0909
12 22 5 06-0910
12 21 5 06-0911
12 22 5 06-0912
12 22 5 06-0913
12 22 5 06-0914
12 14 5 06-0915
12 14 5 06-0916
12 15 5 06-0917
12 15 5 06-0918
12 15 5 06-0919
12 15 5 06-0920
12 15 5 06-0921
12 15 5 06-0922
12 15 5 06-0923
12 15 5 06-1000
12 15 5 06-1001
12 15 5 06-1002
12 15 5 06-1003
12 15 5 06-1004
12 15 5 06-1005
12 17 5 06-1006
12 17 5 06-1007
12 17 5 06-1008
12 17 5 06-1009
12 17 5 06-1010
12 17 5 06-1011
12 17 5 06-1012
12 17 5 06-1013
12 18 5 06-1014
12 18 5 06-1015
12 18 5 06-1016
12 18 5 06-1017
12 18 5 06-1018
12 18 5 06-1019
12 18 5 06-1020
12 18 5 06-1021
12 18 5 06-1022
12 18 5 06-1023
12 17 5 06-1100
12 18 5 06-1101
12 19 5 06-1102
12 19 5 06-1103
12 19 5 06-1104
12 19 5 06-1105
12 19 5 06-1106
12 19 5 06-1107
12 19 5 06-1108
12 14 5 06-1109
12 14 5 06-1110
12 14 5 06-1111
12 14 5 06-1112
12 14 5 06-1113
12 14 5 06-1114
12 12 5 06-1115
12 13 5 06-1116
12 14 5 06-1117
12 14 5 06-1118
12 14 5 06-1119
12 14 5 06-1120
12 14 5 06-1121
12 14 5 06-1122
12 14 5 06-1123
12 14 5 06-1200
12 14 5 06-1201
12 14 5 06-1202
12 14 5 06-1203
12 14 5 06-1204
12 14 5 06-1205
12 13 5 06-1206
12 14 5 06-1207
12 14 5 06-1208
12 14 5 06-1209
12 14 5 06-1210
12 14 5 06-1211
12 13 5 06-1212
12 14 5 06-1213
12 14 5 06-1214
12 14 5 06-1215
12 14 5 06-1216
12 14 5 06-1217
12 14 5 06-1218
12 14 5 06-1219
12 14 5 06-1220
12 14 5 06-1221
12 14 5 06-1222
12 14 5 06-1223
12 14 5 06-1300
12 14 5 06-1301
12 14 5 06-1302
12 14 5 06-1303
12 12 5 06-1304
12 14 5 06-1305
12 14 5 06-1306
12 14 5 06-1307
12 14 5 06-1308
12 14 5 06-1309
12 14 5 06-1310
12 14 5 06-1311
12 14 5 06-1312
12 21 5 06-1313
12 22 5 06-1314
12 21 5 06-1315
12 26 5 06-1316
12 28 5 06-1317
12 28 5 06-1318
12 28 5 06-1319
12 28 5 06-1320
12 27 5 06-1321
12 28 5 06-1322
12 28 5 06-1323
12 28 5 06-1400
12 28 5 06-1401
12 28 5 06-1402
12 28 5 06-1403
12 28 5 06-1404
12 28 5 06-1405
12 29 5 06-1406
12 29 5 06-1407
12 29 5 06-1408
12 14 5 06-1409
12 13 5 06-1410
12 14 5 06-1411
12 14 5 06-1412
12 14 5 06-1413
12 14 5 06-1414
12 14 5 06-1415
12 13 5 06-1416
12 15 5 06-1417
12 15 5 06-1418
12 15 5 06-1419
12 15 5 06-1420
12 15 5 06-1421
12 15 5 06-1422
12 15 5 06-1423
12 14 5 06-1500
12 15 5 06-1501
12 18 5 06-1502
12 21 7 06-1503
12 25 8 06-1504
12 28 11 06-1505
12 28 11 06-1506
12 28 11 06-1507
12 28 11 06-1508
12 28 11 06-1509
12 28 11 06-1510
12 28 11 06-1511
12 28 11 06-1512
12 28 11 06-1513
12 28 11 06-1514
12 28 11 06-1515
12 28 11 06-1516
12 28 11 06-1517
12 28 11 06-1518
12 28 11 06-1519
12 28 11 06-1520
12 28 11 06-1521
12 28 11 06-1522
12 28 11 06-1523
12 28 11 06-1600
12 28 11 06-1601
12 28 11 06-1602
12 28 11 06-1603
12 28 11 06-1604
12 28 11 06-1605
12 28 11 06-1606
12 28 11 06-1607
12 28 11 06-1608
12 28 11 06-1609
12 44 11 06-1610
12 42 11 06-1611
12 44 11 06-1612
12 41 11 06-1613
12 44 11 06-1614
12 50 11 06-1615
12 14 5 06-1616
12 14 5 06-1617
12 14 5 06-1618
12 14 5 06-1619
12 14 5 06-1620
12 14 5 06-1621
12 14 5 06-1622
12 14 5 06-1623
12 14 5 06-1700
12 14 5 06-1701
12 14 5 06-1702
12 14 5 06-1703
12 14 5 06-1704
12 14 5 06-1705
12 14 5 06-1706
12 12 5 06-1707
12 14 5 06-1708
12 14 5 06-1709
12 14 5 06-1710
12 14 5 06-1711
12 14 5 06-1712
12 14 5 06-1713
12 13 5 06-1714
12 14 5 06-1715
12 15 5 06-1716
12 15 5 06-1717
12 15 5 06-1718
12 16 5 06-1719
12 16 5 06-1720
12 16 5 06-1721
12 12 5 06-1722
12 16 5 06-1723
12 16 5 06-1800
12 16 5 06-1801
12 16 5 06-1802
12 16 5 06-1803
12 17 5 06-1804
12 17 5 06-1805
12 17 5 06-1806
12 17 5 06-1807
12 17 5 06-1808
12 17 5 06-1809
12 17 5 06-1810
12 17 5 06-1811
12 17 5 06-1812
12 17 5 06-1813
12 18 5 06-1814
12 18 5 06-1815
12 18 5 06-1816
12 18 5 06-1817
12 17 5 06-1818
12 18 5 06-1819
12 18 5 06-1820
12 18 5 06-1821
12 16 5 06-1822
12 18 5 06-1823
12 18 5 06-1900
12 18 5 06-1901
12 18 5 06-1902
12 17 5 06-1903
12 18 5 06-1904
12 18 5 06-1905
12 18 5 06-1906
12 18 5 06-1907
12 18 5 06-1908
12 16 5 06-1909
12 18 5 06-1910
12 18 5 06-1911
12 18 5 06-1912
12 18 5 06-1913
12 18 5 06-1914
12 18 5 06-1915
12 18 5 06-1916
12 18 5 06-1917
12 18 5 06-1918
12 17 5 06-1919
12 18 5 06-1920
12 18 5 06-1921
12 17 5 06-1922
12 13 5 06-1923
12 14 5 06-2000
12 14 5 06-2001
12 14 5 06-2002
12 14 5 06-2003
12 15 5 06-2004
12 13 5 06-2005
12 14 5 06-2006
12 15 5 06-2007
12 15 5 06-2008
12 15 5 06-2009
12 15 5 06-2010
12 15 5 06-2011
12 15 5 06-2012
12 13 5 06-2013
12 14 5 06-2014
12 14 5 06-2015
12 14 5 06-2016
12 14 5 06-2017
12 14 5 06-2018
12 14 5 06-2019
12 14 5 06-2020
12 14 5 06-2021
12 14 5 06-2022
12 14 5 06-2023
12 14 5 06-2100
12 15 5 06-2101
12 16 5 06-2102
12 16 5 06-2103
12 16 5 06-2104
12 12 5 06-2105
12 16 5 06-2106
12 16 5 06-2107
12 16 5 06-2108
12 16 5 06-2109
12 15 5 06-2110
12 16 5 06-2111
12 16 5 06-2112
12 16 5 06-2113
12 15 5 06-2114
12 16 5 06-2115
12 15 5 06-2116
12 15 5 06-2117
12 18 5 06-2118
12 18 5 06-2119
12 18 5 06-2120
12 18 5 06-2121
12 18 5 06-2122
12 18 5 06-2123
12 18 5 06-2200
12 18 5 06-2201
12 19 5 06-2202
12 19 5 06-2203
12 19 5 06-2204
12 18 5 06-2205
12 19 5 06-2206
12 19 5 06-2207
12 19 5 06-2208
12 19 5 06-2209
0 0 0 06-2210
0 0 0 06-2211
0 0 0 06-2212
0 0 0 06-2213
0 0 0 06-2214
0 0 0 06-2215
0 0 0 06-2216
0 0 0 06-2217
0 0 0 06-2218
0 0 0 06-2219
0 0 0 06-2220
0 0 0 06-2221
0 0 0 06-2222
0 0 0 06-2223
0 0 0 06-2300
0 0 0 06-2301
0 0 0 06-2302
0 0 0 06-2303
0 0 0 06-2304
0 0 0 06-2305
0 0 0 06-2306
0 0 0 06-2307
0 0 0 06-2308
0 0 0 06-2309
0 0 0 06-2310
0 0 0 06-2311
0 0 0 06-2312
0 0 0 06-2313
0 0 0 06-2314
0 0 0 06-2315
0 0 0 06-2316
0 0 0 06-2317
0 0 0 06-2318
0 0 0 06-2319
0 0 0 06-2320
0 0 0 06-2321
0 0 0 06-2322
0 0 0 06-2323
0 0 0 06-2400
0 0 0 06-2401
0 0 0 06-2402
0 0 0 06-2403
0 0 0 06-2404
0 0 0 06-2405
0 0 0 06-2406
0 0 0 06-2407
0 0 0 06-2408
0 0 0 06-2409
0 0 0 06-2410
0 0 0 06-2411
0 0 0 06-2412
0 0 0 06-2413
0 0 0 06-2414
0 0 0 06-2415
0 0 0 06-2416
0 0 0 06-2417
0 0 0 06-2418
0 0 0 06-2419
0 0 0 06-2420
0 0 0 06-2421
0 0 0 06-2422
0 0 0 06-2423
0 0 0 06-2500
0 0 0 06-2501
0 0 0 06-2502
0 0 0 06-2503
0 0 0 06-2504
0 0 0 06-2505
0 0 0 06-2506
0 0 0 06-2507
0 0 0 06-2508
0 0 0 06-2509
0 0 0 06-2510
0 0 0 06-2511
0 0 0 06-2512
0 0 0 06-2513
0 0 0 06-2514
0 0 0 06-2515
0 0 0 06-2516
0 0 0 06-2517
0 0 0 06-2518
0 0 0 06-2519
0 0 0 06-2520
0 0 0 06-2521
0 0 0 06-2522
0 0 0 06-2523
0 0 0 06-2600
0 0 0 06-2601
0 0 0 06-2602
0 0 0 06-2603
0 0 0 06-2604
0 0 0 06-2605
0 0 0 06-2606
0 0 0 06-2607
0 0 0 06-2608
0 0 0 06-2609
0 0 0 06-2610
0 0 0 06-2611
0 0 0 06-2612
0 0 0 06-2613
0 0 0 06-2614
0 0 0 06-2615
0 0 0 06-2616
0 0 0 06-2617
0 0 0 06-2618
0 0 0 06-2619
0 0 0 06-2620
0 0 0 06-2621
0 0 0 06-2622
0 0 0 06-2623
0 0 0 06-2700
0 0 0 06-2701
0 0 0 06-2702
0 0 0 06-2703
0 0 0 06-2704
0 0 0 06-2705
0 0 0 06-2706
0 0 0 06-2707
0 0 0 06-2708
0 0 0 06-2709
0 0 0 06-2710
0 0 0 06-2711
0 0 0 06-2712
0 0 0 06-2713
0 0 0 06-2714
0 0 0 06-2715
0 0 0 06-2716
0 0 0 06-2717
0 0 0 06-2718
0 0 0 06-2719
0 0 0 06-2720
0 0 0 06-2721
0 0 0 06-2722
0 0 0 06-2723
0 0 0 06-2800
0 0 0 06-2801
0 0 0 06-2802
0 0 0 06-2803
0 0 0 06-2804
0 0 0 06-2805
0 0 0 06-2806
0 0 0 06-2807
0 0 0 06-2808
0 0 0 06-2809
0 0 0 06-2810
0 0 0 06-2811
0 0 0 06-2812
0 0 0 06-2813
0 0 0 06-2814
0 0 0 06-2815
0 0 0 06-2816
0 0 0 06-2817
0 0 0 06-2818
0 0 0 06-2819
0 0 0 06-2820
0 0 0 06-2821
0 0 0 06-2822
0 0 0 06-2823
0 0 0 06-2900
0 0 0 06-2901
0 0 0 06-2902
0 0 0 06-2903
0 0 0 06-2904
0 0 0 06-2905
0 0 0 06-2906
0 0 0 06-2907
0 0 0 06-2908
0 0 0 06-2909
0 0 0 06-2910
0 0 0 06-2911
0 0 0 06-2912
0 0 0 06-2913
0 0 0 06-2914
0 0 0 06-2915
0 0 0 06-2916
0 0 0 06-2917
0 0 0 06-2918
0 0 0 06-2919
0 0 0 06-2920
0 0 0 06-2921
0 0 0 06-2922
0 0 0 06-2923
0 0 0 06-3000
0 0 0 06-3001
0 0 0 06-3002
0 0 0 06-3003
0 0 0 06-3004
0 0 0 06-3005
0 0 0 06-3006
0 0 0 06-3007
0 0 0 06-3008
0 0 0 06-3009
0 0 0 06-3010
0 0 0 06-3011
0 0 0 06-3012
0 0 0 06-3013
0 0 0 06-3014
0 0 0 06-3015
0 0 0 06-3016
0 0 0 06-3017
0 0 0 06-3018
0 0 0 06-3019
0 0 0 06-3020
0 0 0 06-3021
0 0 0 06-3022
0 0 0 06-3023
0 0 0 07-0100
0 0 0 07-0101
0 0 0 07-0102
0 0 0 07-0103
0 0 0 07-0104
0 0 0 07-0105
0 0 0 07-0106
0 0 0 07-0107
0 0 0 07-0108
0 0 0 07-0109
0 0 0 07-0110
0 0 0 07-0111
0 0 0 07-0112
0 0 0 07-0113
0 0 0 07-0114
0 0 0 07-0115
0 0 0 07-0116
0 0 0 07-0117
0 0 0 07-0118
0 0 0 07-0119
0 0 0 07-0120
0 0 0 07-0121
0 0 0 07-0122
0 0 0 07-0123
0 0 0 07-0200
0 0 0 07-0201
0 0 0 07-0202
0 0 0 07-0203
0 0 0 07-0204
0 0 0 07-0205
0 0 0 07-0206
0 0 0 07-0207
0 0 0 07-0208
0 0 0 07-0209
0 0 0 07-0210
0 0 0 07-0211
0 0 0 07-0212
0 0 0 07-0213
0 0 0 07-0214
0 0 0 07-0215
0 0 0 07-0216
0 0 0 07-0217
0 0 0 07-0218
0 0 0 07-0219
0 0 0 07-0220
0 0 0 07-0221
0 0 0 07-0222
0 0 0 07-0223
0 0 0 07-0300
0 0 0 07-0301
0 0 0 07-0302
0 0 0 07-0303
0 0 0 07-0304
0 0 0 07-0305
0 0 0 07-0306
0 0 0 07-0307
0 0 0 07-0308
0 0 0 07-0309
0 0 0 07-0310
0 0 0 07-0311
0 0 0 07-0312
0 0 0 07-0313
0 0 0 07-0314
0 0 0 07-0315
0 0 0 07-0316
0 0 0 07-0317
0 0 0 07-0318
0 0 0 07-0319
0 0 0 07-0320
0 0 0 07-0321
0 0 0 07-0322
0 0 0 07-0323
0 0 0 07-0400
0 0 0 07-0401
0 0 0 07-0402
0 0 0 07-0403
0 0 0 07-0404
0 0 0 07-0405
0 0 0 07-0406
0 0 0 07-0407
0 0 0 07-0408
0 0 0 07-0409
0 0 0 07-0410
0 0 0 07-0411
0 0 0 07-0412
0 0 0 07-0413
0 0 0 07-0414
0 0 0 07-0415
0 0 0 07-0416
0 0 0 07-0417
0 0 0 07-0418
0 0 0 07-0419
0 0 0 07-0420
0 0 0 07-0421
0 0 0 07-0422
0 0 0 07-0423
0 0 0 07-0500
0 0 0 07-0501
0 0 0 07-0502
0 0 0 07-0503
0 0 0 07-0504
0 0 0 07-0505
0 0 0 07-0506
0 0 0 07-0507
0 0 0 07-0508
0 0 0 07-0509
0 0 0 07-0510
0 0 0 07-0511
0 0 0 07-0512
0 0 0 07-0513
0 0 0 07-0514
0 0 0 07-0515
0 0 0 07-0516
0 0 0 07-0517
0 0 0 07-0518
0 0 0 07-0519
0 0 0 07-0520
0 0 0 07-0521
0 0 0 07-0522
0 0 0 07-0523
0 0 0 07-0600
0 0 0 07-0601
0 0 0 07-0602
0 0 0 07-0603
0 0 0 07-0604
0 0 0 07-0605
0 0 0 07-0606
0 0 0 07-0607
0 0 0 07-0608
0 0 0 07-0609
0 0 0 07-0610
0 0 0 07-0611
0 0 0 07-0612
0 0 0 07-0613
0 0 0 07-0614
0 0 0 07-0615
0 0 0 07-0616
0 0 0 07-0617
0 0 0 07-0618
0 0 0 07-0619
0 0 0 07-0620
0 0 0 07-0621
0 0 0 07-0622
0 0 0 07-0623
0 0 0 07-0700
0 0 0 07-0701
0 0 0 07-0702
0 0 0 07-0703
0 0 0 07-0704
0 0 0 07-0705
0 0 0 07-0706
0 0 0 07-0707
0 0 0 07-0708
0 0 0 07-0709
0 0 0 07-0710
0 0 0 07-0711
0 0 0 07-0712
0 0 0 07-0713
0 0 0 07-0714
0 0 0 07-0715
0 0 0 07-0716
0 0 0 07-0717
12 4 7 07-0718
12 14 7 07-0719
12 13 7 07-0720
12 11 7 07-0721
12 14 7 07-0722
12 14 7 07-0723
12 14 7 07-0800
12 14 7 07-0801
12 14 7 07-0802
12 14 7 07-0803
12 14 7 07-0804
12 14 7 07-0805
12 12 7 07-0806
12 14 7 07-0807
12 13 7 07-0808
12 14 7 07-0809
12 14 7 07-0810
12 15 7 07-0811
12 15 7 07-0812
12 15 7 07-0813
12 15 7 07-0814
12 15 7 07-0815
12 15 7 07-0816
12 15 7 07-0817
12 15 7 07-0818
12 15 7 07-0819
12 15 7 07-0820
12 15 7 07-0821
12 15 7 07-0822
12 15 7 07-0823
12 15 7 07-0900
12 15 7 07-0901
12 15 7 07-0902
12 15 7 07-0903
12 11 7 07-0904
12 14 5 07-0905
12 14 5 07-0906
12 14 5 07-0907
12 14 5 07-0908
12 14 5 07-0909
12 14 5 07-0910
12 12 5 07-0911
12 14 5 07-0912
12 14 5 07-0913
12 14 5 07-0914
12 14 5 07-0915
12 20 10 07-0916
12 25 14 07-0917
12 27 17 07-0918
12 27 17 07-0919
12 27 17 07-0920
12 27 17 07-0921
12 27 17 07-0922
12 27 17 07-0923
12 27 17 07-1000
12 27 17 07-1001
12 27 17 07-1002
12 27 17 07-1003
12 24 17 07-1004
12 27 17 07-1005
12 27 17 07-1006
12 27 17 07-1007
12 27 17 07-1008
12 27 17 07-1009
12 27 17 07-1010
12 27 17 07-1011
12 27 17 07-1012
12 27 17 07-1013
12 25 17 07-1014
12 17 6 07-1015
12 17 11 07-1016
12 25 17 07-1017
12 25 17 07-1018
12 25 17 07-1019
12 17 17 07-1020
12 25 17 07-1021
12 24 16 07-1022
12 25 16 07-1023
12 25 16 07-1100
12 25 16 07-1101
12 25 16 07-1102
12 25 16 07-1103
12 25 15 07-1104
12 25 15 07-1105
12 25 15 07-1106
12 25 15 07-1107
12 25 15 07-1108
12 25 14 07-1109
12 28 14 07-1110
12 28 13 07-1111
12 26 13 07-1112
12 30 12 07-1113
12 31 11 07-1114
12 30 11 07-1115
12 34 11 07-1116
12 33 11 07-1117
12 34 11 07-1118
12 40 16 07-1119
12 22 7 07-1120
12 25 8 07-1121
12 25 8 07-1122
12 25 8 07-1123
12 25 8 07-1200
12 25 8 07-1201
12 25 8 07-1202
12 25 8 07-1203
12 25 8 07-1204
12 25 8 07-1205
12 25 8 07-1206
12 25 8 07-1207
12 25 8 07-1208
12 25 8 07-1209
12 25 8 07-1210
12 25 8 07-1211
12 26 8 07-1212
12 25 8 07-1213
12 26 8 07-1214
12 26 8 07-1215
12 22 8 07-1216
12 25 8 07-1217
12 25 11 07-1218
12 25 11 07-1219
12 25 15 07-1220
12 10 5 07-1221
12 14 5 07-1222
12 14 5 07-1223
12 14 5 07-1300
12 12 5 07-1301
12 14 5 07-1302
12 14 5 07-1303
12 14 5 07-1304
12 14 5 07-1305
12 14 5 07-1306
12 14 5 07-1307
12 14 5 07-1308
12 14 5 07-1309
12 14 5 07-1310
12 14 5 07-1311
12 14 5 07-1312
12 20 6 07-1313
12 27 7 07-1314
12 44 9 07-1315
12 72 9 07-1316
12 72 9 07-1317
12 92 9 07-1318
12 92 9 07-1319
12 12 5 07-1320
12 16 5 07-1321
12 16 5 07-1322
12 16 5 07-1323
12 16 5 07-1400
12 16 5 07-1401
12 13 5 07-1402
12 16 5 07-1403
12 16 5 07-1404
12 16 5 07-1405
12 16 5 07-1406
12 16 5 07-1407
12 16 5 07-1408
12 16 5 07-1409
12 18 5 07-1410
12 19 6 07-1411
12 16 5 07-1412
12 23 7 07-1413
12 23 7 07-1414
12 23 7 07-1415
12 23 7 07-1416
12 23 7 07-1417
12 23 7 07-1418
12 23 7 07-1419
12 23 7 07-1420
12 23 7 07-1421
12 23 7 07-1422
12 23 7 07-1423
12 23 7 07-1500
12 21 7 07-1501
12 21 7 07-1502
12 21 7 07-1503
12 22 7 07-1504
12 20 7 07-1505
12 20 7 07-1506
12 19 7 07-1507
12 18 7 07-1508
12 18 7 07-1509
12 17 7 07-1510
12 16 6 07-1511
12 16 6 07-1512
12 15 5 07-1513
12 15 5 07-1514
12 21 5 07-1515
12 27 7 07-1516
12 28 7 07-1517
12 28 7 07-1518
12 28 7 07-1519
12 29 7 07-1520
12 14 5 07-1521
12 14 5 07-1522
12 14 5 07-1523
12 14 5 07-1600
12 14 5 07-1601
12 14 5 07-1602
12 14 5 07-1603
12 14 5 07-1604
12 14 5 07-1605
12 14 5 07-1606
12 14 5 07-1607
12 14 5 07-1608
12 14 5 07-1609
12 14 5 07-1610
12 14 5 07-1611
12 14 5 07-1612
12 14 5 07-1613
12 14 5 07-1614
12 13 5 07-1615
12 14 5 07-1616
12 15 5 07-1617
12 16 5 07-1618
12 15 5 07-1619
12 15 5 07-1620
12 15 5 07-1621
12 15 5 07-1622
12 17 5 07-1623
12 14 5 07-1700
12 16 5 07-1701
12 17 5 07-1702
12 17 5 07-1703
12 17 5 07-1704
12 17 5 07-1705
12 17 5 07-1706
12 17 5 07-1707
12 17 5 07-1708
12 17 5 07-1709
12 17 5 07-1710
12 17 5 07-1711
12 14 5 07-1712
12 17 5 07-1713
12 17 5 07-1714
12 17 5 07-1715
12 16 5 07-1716
12 17 5 07-1717
12 17 5 07-1718
12 18 5 07-1719
12 14 5 07-1720
12 15 5 07-1721
12 15 5 07-1722
12 16 5 07-1723
12 16 5 07-1800
12 16 5 07-1801
12 16 5 07-1802
12 16 5 07-1803
12 15 5 07-1804
12 16 5 07-1805
12 16 5 07-1806
12 16 5 07-1807
12 16 5 07-1808
12 16 5 07-1809
12 16 5 07-1810
12 16 5 07-1811
12 16 5 07-1812
12 20 5 07-1813
12 20 5 07-1814
12 20 5 07-1815
12 22 5 07-1816
12 21 5 07-1817
12 22 5 07-1818
12 22 5 07-1819
12 14 5 07-1820
12 14 5 07-1821
12 14 5 07-1822
12 14 5 07-1823
12 20 5 07-1900
12 14 5 07-1901
12 14 5 07-1902
12 9 5 07-1903
12 14 5 07-1904
12 14 5 07-1905
12 14 5 07-1906
12 14 5 07-1907
12 14 5 07-1908
12 14 5 07-1909
12 14 5 07-1910
12 14 5 07-1911
12 14 5 07-1912
12 14 5 07-1913
12 14 5 07-1914
12 14 5 07-1915
12 14 5 07-1916
12 14 5 07-1917
12 15 5 07-1918
12 14 5 07-1919
12 13 5 07-1920
12 14 5 07-1921
12 14 5 07-1922
12 15 5 07-1923
12 15 5 07-2000
12 16 5 07-2001
12 16 5 07-2002
12 16 5 07-2003
12 16 5 07-2004
12 16 5 07-2005
12 16 5 07-2006
12 16 5 07-2007
12 16 5 07-2008
12 16 5 07-2009
12 16 5 07-2010
12 16 5 07-2011
12 13 5 07-2012
12 14 5 07-2013
12 15 5 07-2014
12 13 5 07-2015
12 15 5 07-2016
12 15 5 07-2017
12 14 5 07-2018
12 14 5 07-2019
12 14 5 07-2020
12 14 5 07-2021
12 12 5 07-2022
12 14 5 07-2023
12 14 5 07-2100
12 14 5 07-2101
12 14 5 07-2102
12 14 5 07-2103
12 14 5 07-2104
12 14 5 07-2105
12 14 5 07-2106
12 14 5 07-2107
12 14 5 07-2108
12 14 5 07-2109
12 12 5 07-2110
12 14 5 07-2111
12 14 5 07-2112
12 16 5 07-2113
12 16 5 07-2114
12 15 5 07-2115
12 16 6 07-2116
12 20 8 07-2117
12 20 8 07-2118
12 20 8 07-2119
12 20 8 07-2120
12 20 8 07-2121
12 20 8 07-2122
12 21 8 07-2123
12 20 8 07-2200
12 20 8 07-2201
12 20 8 07-2202
12 20 8 07-2203
12 20 8 07-2204
12 14 5 07-2205
12 14 5 07-2206
12 14 5 07-2207
12 14 5 07-2208
12 14 5 07-2209
12 14 5 07-2210
12 14 5 07-2211
12 14 5 07-2212
12 14 5 07-2213
12 14 5 07-2214
12 14 5 07-2215
12 16 5 07-2216
12 21 6 07-2217
12 21 6 07-2218
12 18 6 07-2219
12 21 6 07-2220
12 21 6 07-2221
12 21 6 07-2222
12 20 6 07-2223
12 21 6 07-2300
12 21 6 07-2301
12 21 6 07-2302
12 21 6 07-2303
12 21 6 07-2304
12 21 6 07-2305
12 21 6 07-2306
12 21 6 07-2307
12 21 6 07-2308
12 20 6 07-2309
12 21 6 07-2310
12 21 6 07-2311
12 21 6 07-2312
12 21 6 07-2313
12 21 6 07-2314
12 21 6 07-2315
12 21 6 07-2316
12 20 6 07-2317
12 20 6 07-2318
12 20 6 07-2319
12 20 6 07-2320
12 19 6 07-2321
12 20 6 07-2322
12 20 6 07-2323
12 20 6 07-2400
12 20 6 07-2401
12 20 6 07-2402
12 20 6 07-2403
12 14 5 07-2404
12 14 5 07-2405
12 13 5 07-2406
12 14 5 07-2407
12 14 5 07-2408
12 14 5 07-2409
12 14 5 07-2410
12 14 5 07-2411
12 13 5 07-2412
12 14 5 07-2413
12 14 5 07-2414
12 13 5 07-2415
12 14 5 07-2416
12 14 5 07-2417
12 14 5 07-2418
12 14 5 07-2419
12 13 5 07-2420
12 15 5 07-2421
12 15 5 07-2422
12 15 5 07-2423
12 15 5 07-2500
12 14 5 07-2501
12 15 5 07-2502
12 15 5 07-2503
12 15 5 07-2504
12 15 5 07-2505
12 15 5 07-2506
12 15 5 07-2507
12 15 5 07-2508
12 15 5 07-2509
12 16 5 07-2510
12 18 6 07-2511
12 19 6 07-2512
12 18 6 07-2513
12 17 6 07-2514
12 18 6 07-2515
12 18 6 07-2516
12 19 6 07-2517
12 19 6 07-2518
12 20 6 07-2519
12 20 6 07-2520
12 20 6 07-2521
12 17 6 07-2522
12 20 6 07-2523
12 20 6 07-2600
12 20 6 07-2601
12 20 6 07-2602
12 19 6 07-2603
12 19 6 07-2604
12 14 5 07-2605
12 14 5 07-2606
12 14 5 07-2607
12 14 5 07-2608
12 14 5 07-2609
12 16 5 07-2610
12 15 5 07-2611
12 21 6 07-2612
12 2 6 07-2613
12 13 4 07-2614
12 14 4 07-2615
12 14 4 07-2616
12 14 4 07-2617
12 26 4 07-2618
12 14 5 07-2619
12 14 4 07-2620
12 14 4 07-2621
12 14 4 07-2622
12 15 4 07-2623
12 15 4 07-2700
12 15 4 07-2701
12 15 4 07-2702
12 15 4 07-2703
12 15 4 07-2704
12 15 4 07-2705
12 14 4 07-2706
12 15 4 07-2707
12 16 4 07-2708
12 17 4 07-2709
12 17 4 07-2710
0 0 0 07-2711
0 0 0 07-2712
0 0 0 07-2713
0 0 0 07-2714
0 0 0 07-2715
0 0 0 07-2716
0 0 0 07-2717
0 0 0 07-2718
0 0 0 07-2719
0 0 0 07-2720
0 0 0 07-2721
0 0 0 07-2722
0 0 0 07-2723
0 0 0 07-2800
0 0 0 07-2801
0 0 0 07-2802
0 0 0 07-2803
0 0 0 07-2804
0 0 0 07-2805
0 0 0 07-2806
0 0 0 07-2807
0 0 0 07-2808
0 0 0 07-2809
0 0 0 07-2810
0 0 0 07-2811
0 0 0 07-2812
0 0 0 07-2813
12 29 5 07-2814
12 37 5 07-2815
12 32 5 07-2816
12 32 5 07-2817
12 33 5 07-2818
12 32 5 07-2819
12 33 5 07-2820
12 33 5 07-2821
12 33 5 07-2822
12 33 5 07-2823
12 33 5 07-2900
12 28 5 07-2901
12 33 5 07-2902
12 33 5 07-2903
12 33 5 07-2904
12 33 5 07-2905
12 33 5 07-2906
12 33 5 07-2907
12 33 5 07-2908
12 34 5 07-2909
12 57 6 07-2910
12 13 5 07-2911
12 14 5 07-2912
12 12 5 07-2913
12 14 5 07-2914
12 15 5 07-2915
12 15 5 07-2916
12 15 5 07-2917
12 15 5 07-2918
12 15 5 07-2919
12 15 5 07-2920
12 15 5 07-2921
12 14 5 07-2922
12 15 5 07-2923
12 15 5 07-3000
12 15 5 07-3001
12 15 5 07-3002
12 15 5 07-3003
12 15 5 07-3004
12 15 5 07-3005
12 15 5 07-3006
12 15 5 07-3007
12 15 5 07-3008
12 15 5 07-3009
12 15 5 07-3010
12 15 5 07-3011
12 15 5 07-3012
12 15 5 07-3013
12 15 5 07-3014
12 15 5 07-3015
12 15 5 07-3016
12 15 5 07-3017
12 15 5 07-3018
12 12 5 07-3019
12 15 5 07-3020
12 15 5 07-3021
12 15 5 07-3022
12 16 5 07-3023
12 16 5 07-3100
12 16 5 07-3101
12 16 5 07-3102
12 16 5 07-3103
12 16 5 07-3104
12 14 5 07-3105
12 14 5 07-3106
12 14 5 07-3107
12 14 5 07-3108
12 14 5 07-3109
12 14 5 07-3110
12 14 5 07-3111
12 14 5 07-3112
12 14 5 07-3113
12 14 5 07-3114
12 14 5 07-3115
12 14 5 07-3116
12 14 5 07-3117
12 14 5 07-3118
12 14 5 07-3119
12 14 5 07-3120
12 14 5 07-3121
12 16 5 07-3122
12 16 5 07-3123
12 16 5 08-0100
12 16 5 08-0101
12 16 5 08-0102
12 17 5 08-0103
12 14 5 08-0104
12 14 5 08-0105
12 16 5 08-0106
12 16 5 08-0107
12 16 5 08-0108
12 16 5 08-0109
12 16 5 08-0110
12 16 5 08-0111
12 16 5 08-0112
12 16 5 08-0113
12 17 5 08-0114
12 16 5 08-0115
12 21 5 08-0116
12 25 6 08-0117
12 26 6 08-0118
12 37 6 08-0119
12 37 6 08-0120
12 37 6 08-0121
12 37 6 08-0122
12 38 6 08-0123
12 38 6 08-0200
12 38 6 08-0201
12 38 6 08-0202
12 38 6 08-0203
12 38 6 08-0204
12 38 6 08-0205
12 38 6 08-0206
12 39 6 08-0207
12 39 6 08-0208
12 36 6 08-0209
12 39 6 08-0210
12 41 6 08-0211
12 40 6 08-0212
12 41 6 08-0213
12 44 6 08-0214
12 44 6 08-0215
12 43 7 08-0216
12 14 5 08-0217
12 14 5 08-0218
12 14 5 08-0219
12 15 5 08-0220
12 13 5 08-0221
12 21 5 08-0222
12 22 5 08-0223
12 21 5 08-0300
12 22 5 08-0301
12 24 5 08-0302
12 22 5 08-0303
12 22 5 08-0304
12 22 5 08-0305
12 22 5 08-0306
12 22 5 08-0307
12 22 5 08-0308
12 22 5 08-0309
12 22 5 08-0310
12 23 5 08-0311
12 23 5 08-0312
12 28 5 08-0313
12 44 5 08-0314
12 47 5 08-0315
12 24 5 08-0316
12 25 5 08-0317
12 14 5 08-0318
12 14 5 08-0319
12 14 5 08-0320
12 14 5 08-0321
12 14 5 08-0322
12 14 5 08-0323
12 14 5 08-0400
12 14 5 08-0401
12 15 5 08-0402
12 14 5 08-0403
12 14 5 08-0404
12 14 5 08-0405
12 14 5 08-0406
12 14 5 08-0407
12 14 5 08-0408
12 17 5 08-0409
12 23 5 08-0410
12 34 5 08-0411
12 37 5 08-0412
12 50 5 08-0413
12 56 5 08-0414
12 59 5 08-0415
12 75 5 08-0416
12 14 5 08-0417
12 14 5 08-0418
12 15 5 08-0419
12 15 5 08-0420
12 15 5 08-0421
12 15 5 08-0422
12 15 5 08-0423
12 15 5 08-0500
12 15 5 08-0501
12 15 5 08-0502
12 15 5 08-0503
12 15 5 08-0504
12 15 5 08-0505
12 15 5 08-0506
12 15 5 08-0507
12 15 5 08-0508
12 15 5 08-0509
12 15 5 08-0510
12 12 5 08-0511
12 44 6 08-0512
12 35 6 08-0513
12 41 6 08-0514
12 45 6 08-0515
12 46 6 08-0516
12 45 6 08-0517
12 45 6 08-0518
12 45 6 08-0519
12 45 6 08-0520
12 45 6 08-0521
12 46 6 08-0522
12 14 5 08-0523
12 14 5 08-0600
12 15 5 08-0601
12 15 5 08-0602
12 15 5 08-0603
12 15 5 08-0604
12 15 5 08-0605
12 15 5 08-0606
12 15 5 08-0607
12 15 5 08-0608
12 15 5 08-0609
12 15 5 08-0610
12 15 5 08-0611
12 15 5 08-0612
12 15 5 08-0613
12 15 5 08-0614
12 15 5 08-0615
12 15 5 08-0616
12 15 5 08-0617
12 15 5 08-0618
12 15 5 08-0619
12 15 5 08-0620
12 15 5 08-0621
12 15 5 08-0622
12 15 5 08-0623
12 15 5 08-0700
12 15 5 08-0701
12 15 5 08-0702
12 15 5 08-0703
12 15 5 08-0704
12 14 5 08-0705
12 14 5 08-0706
12 14 5 08-0707
12 14 5 08-0708
12 14 5 08-0709
12 14 5 08-0710
12 12 5 08-0711
12 23 5 08-0712
12 23 5 08-0713
12 14 5 08-0714
12 10 5 08-0715
12 14 5 08-0716
12 14 5 08-0717
12 14 5 08-0718
12 14 5 08-0719
12 14 5 08-0720
12 14 5 08-0721
12 14 5 08-0722
12 14 5 08-0723
12 14 5 08-0800
12 14 5 08-0801
12 14 5 08-0802
12 14 5 08-0803
12 14 5 08-0804
12 14 5 08-0805
12 14 5 08-0806
12 14 5 08-0807
12 14 5 08-0808
12 14 5 08-0809
12 14 5 08-0810
12 14 5 08-0811
12 14 6 08-0812
12 14 5 08-0813
12 14 5 08-0814
12 14 5 08-0815
12 14 5 08-0816
12 15 5 08-0817
12 14 5 08-0818
12 15 5 08-0819
12 15 5 08-0820
12 15 5 08-0821
12 15 5 08-0822
12 15 5 08-0823
12 15 5 08-0900
12 15 5 08-0901
12 15 5 08-0902
12 15 5 08-0903
12 15 5 08-0904
12 15 5 08-0905
12 15 5 08-0906
12 15 5 08-0907
12 15 5 08-0908
12 16 5 08-0909
12 16 5 08-0910
12 16 5 08-0911
12 16 5 08-0912
12 16 5 08-0913
12 19 5 08-0914
12 23 5 08-0915
12 25 5 08-0916
12 30 5 08-0917
12 31 5 08-0918
12 36 5 08-0919
12 36 5 08-0920
12 36 5 08-0921
12 34 5 08-0922
12 32 5 08-0923
12 29 5 08-1000
12 28 5 08-1001
12 30 5 08-1002
12 30 5 08-1003
12 30 5 08-1004
12 30 5 08-1005
12 31 5 08-1006
12 28 5 08-1007
12 24 5 08-1008
12 24 5 08-1009
12 24 5 08-1010
12 24 5 08-1011
12 23 5 08-1012
12 25 5 08-1013
12 27 5 08-1014
12 25 5 08-1015
12 27 5 08-1016
12 27 5 08-1017
12 27 5 08-1018
12 28 5 08-1019
12 14 5 08-1020
12 14 5 08-1021
12 14 5 08-1022
12 14 5 08-1023
12 14 5 08-1100
12 14 5 08-1101
12 14 5 08-1102
12 14 5 08-1103
12 14 5 08-1104
12 14 5 08-1105
12 14 5 08-1106
12 13 5 08-1107
12 14 5 08-1108
12 15 5 08-1109
12 15 5 08-1110
12 24 5 08-1111
12 30 5 08-1112
12 30 5 08-1113
12 30 5 08-1114
12 30 5 08-1115
12 31 5 08-1116
12 32 6 08-1117
12 40 6 08-1118
12 40 6 08-1119
12 40 6 08-1120
12 13 5 08-1121
12 14 5 08-1122
12 18 5 08-1123
12 14 5 08-1200
12 14 5 08-1201
12 14 5 08-1202
12 14 5 08-1203
12 14 5 08-1204
12 14 5 08-1205
12 14 5 08-1206
12 14 5 08-1207
12 14 5 08-1208
12 19 5 08-1209
12 19 5 08-1210
12 19 6 08-1211
12 21 6 08-1212
12 20 6 08-1213
12 20 6 08-1214
12 22 6 08-1215
12 30 7 08-1216
0 0 0 08-1217
0 0 0 08-1218
0 0 0 08-1219
0 0 0 08-1220
0 0 0 08-1221
0 0 0 08-1222
0 0 0 08-1223
0 0 0 08-1300
0 0 0 08-1301
0 0 0 08-1302
0 0 0 08-1303
0 0 0 08-1304
0 0 0 08-1305
0 0 0 08-1306
0 0 0 08-1307
0 0 0 08-1308
0 0 0 08-1309
0 0 0 08-1310
0 0 0 08-1311
0 0 0 08-1312
0 0 0 08-1313
0 0 0 08-1314
0 0 0 08-1315
0 0 0 08-1316
0 0 0 08-1317
0 0 0 08-1318
0 0 0 08-1319
0 0 0 08-1320
0 0 0 08-1321
0 0 0 08-1322
0 0 0 08-1323
0 0 0 08-1400
0 0 0 08-1401
0 0 0 08-1402
0 0 0 08-1403
0 0 0 08-1404
0 0 0 08-1405
0 0 0 08-1406
0 0 0 08-1407
0 0 0 08-1408
0 0 0 08-1409
0 0 0 08-1410
0 0 0 08-1411
0 0 0 08-1412
0 0 0 08-1413
0 0 0 08-1414
0 0 0 08-1415
0 0 0 08-1416
0 0 0 08-1417
0 0 0 08-1418
0 0 0 08-1419
0 0 0 08-1420
0 0 0 08-1421
0 0 0 08-1422
0 0 0 08-1423
0 0 0 08-1500
0 0 0 08-1501
0 0 0 08-1502
0 0 0 08-1503
0 0 0 08-1504
0 0 0 08-1505
0 0 0 08-1506
0 0 0 08-1507
0 0 0 08-1508
0 0 0 08-1509
0 0 0 08-1510
0 0 0 08-1511
0 0 0 08-1512
0 0 0 08-1513
0 0 0 08-1514
0 0 0 08-1515
0 0 0 08-1516
0 0 0 08-1517
0 0 0 08-1518
0 0 0 08-1519
0 0 0 08-1520
0 0 0 08-1521
0 0 0 08-1522
0 0 0 08-1523
0 0 0 08-1600
0 0 0 08-1601
0 0 0 08-1602
0 0 0 08-1603
0 0 0 08-1604
0 0 0 08-1605
0 0 0 08-1606
0 0 0 08-1607
0 0 0 08-1608
0 0 0 08-1609
0 0 0 08-1610
0 0 0 08-1611
0 0 0 08-1612
0 0 0 08-1613
0 0 0 08-1614
0 0 0 08-1615
0 0 0 08-1616
0 0 0 08-1617
0 0 0 08-1618
0 0 0 08-1619
0 0 0 08-1620
0 0 0 08-1621
0 0 0 08-1622
0 0 0 08-1623
0 0 0 08-1700
0 0 0 08-1701
0 0 0 08-1702
0 0 0 08-1703
0 0 0 08-1704
0 0 0 08-1705
0 0 0 08-1706
0 0 0 08-1707
0 0 0 08-1708
0 0 0 08-1709
0 0 0 08-1710
0 0 0 08-1711
0 0 0 08-1712
0 0 0 08-1713
0 0 0 08-1714
0 0 0 08-1715
0 0 0 08-1716
0 0 0 08-1717
0 0 0 08-1718
0 0 0 08-1719
0 0 0 08-1720
0 0 0 08-1721
0 0 0 08-1722
0 0 0 08-1723
0 0 0 08-1800
0 0 0 08-1801
0 0 0 08-1802
0 0 0 08-1803
0 0 0 08-1804
0 0 0 08-1805
0 0 0 08-1806
0 0 0 08-1807
0 0 0 08-1808
0 0 0 08-1809
0 0 0 08-1810
0 0 0 08-1811
0 0 0 08-1812
0 0 0 08-1813
0 0 0 08-1814
0 0 0 08-1815
0 0 0 08-1816
0 0 0 08-1817
0 0 0 08-1818
0 0 0 08-1819
0 0 0 08-1820
0 0 0 08-1821
0 0 0 08-1822
0 0 0 08-1823
0 0 0 08-1900
0 0 0 08-1901
0 0 0 08-1902
0 0 0 08-1903
0 0 0 08-1904
0 0 0 08-1905
0 0 0 08-1906
0 0 0 08-1907
0 0 0 08-1908
0 0 0 08-1909
0 0 0 08-1910
0 0 0 08-1911
0 0 0 08-1912
0 0 0 08-1913
0 0 0 08-1914
0 0 0 08-1915
0 0 0 08-1916
0 0 0 08-1917
0 0 0 08-1918
0 0 0 08-1919
0 0 0 08-1920
0 0 0 08-1921
0 0 0 08-1922
0 0 0 08-1923
0 0 0 08-2000
0 0 0 08-2001
0 0 0 08-2002
0 0 0 08-2003
0 0 0 08-2004
0 0 0 08-2005
0 0 0 08-2006
0 0 0 08-2007
0 0 0 08-2008
0 0 0 08-2009
0 0 0 08-2010
0 0 0 08-2011
0 0 0 08-2012
0 0 0 08-2013
0 0 0 08-2014
0 0 0 08-2015
0 0 0 08-2016
0 0 0 08-2017
0 0 0 08-2018
0 0 0 08-2019
0 0 0 08-2020
0 0 0 08-2021
0 0 0 08-2022
0 0 0 08-2023
0 0 0 08-2100
0 0 0 08-2101
0 0 0 08-2102
0 0 0 08-2103
0 0 0 08-2104
0 0 0 08-2105
0 0 0 08-2106
0 0 0 08-2107
0 0 0 08-2108
0 0 0 08-2109
0 0 0 08-2110
0 0 0 08-2111
0 0 0 08-2112
0 0 0 08-2113
0 0 0 08-2114
0 0 0 08-2115
0 0 0 08-2116
0 0 0 08-2117
0 0 0 08-2118
0 0 0 08-2119
0 0 0 08-2120
0 0 0 08-2121
0 0 0 08-2122
0 0 0 08-2123
0 0 0 08-2200
0 0 0 08-2201
0 0 0 08-2202
0 0 0 08-2203
0 0 0 08-2204
0 0 0 08-2205
0 0 0 08-2206
0 0 0 08-2207
0 0 0 08-2208
0 0 0 08-2209
0 0 0 08-2210
0 0 0 08-2211
0 0 0 08-2212
0 0 0 08-2213
0 0 0 08-2214
0 0 0 08-2215
0 0 0 08-2216
0 0 0 08-2217
0 0 0 08-2218
0 0 0 08-2219
0 0 0 08-2220
0 0 0 08-2221
0 0 0 08-2222
0 0 0 08-2223
0 0 0 08-2300
0 0 0 08-2301
0 0 0 08-2302
0 0 0 08-2303
0 0 0 08-2304
0 0 0 08-2305
0 0 0 08-2306
0 0 0 08-2307
0 0 0 08-2308
0 0 0 08-2309
0 0 0 08-2310
0 0 0 08-2311
0 0 0 08-2312
0 0 0 08-2313
0 0 0 08-2314
0 0 0 08-2315
0 0 0 08-2316
0 0 0 08-2317
0 0 0 08-2318
0 0 0 08-2319
0 0 0 08-2320
0 0 0 08-2321
0 0 0 08-2322
0 0 0 08-2323
0 0 0 08-2400
0 0 0 08-2401
0 0 0 08-2402
0 0 0 08-2403
0 0 0 08-2404
0 0 0 08-2405
0 0 0 08-2406
0 0 0 08-2407
0 0 0 08-2408
0 0 0 08-2409
0 0 0 08-2410
0 0 0 08-2411
0 0 0 08-2412
0 0 0 08-2413
0 0 0 08-2414
0 0 0 08-2415
0 0 0 08-2416
0 0 0 08-2417
0 0 0 08-2418
0 0 0 08-2419
0 0 0 08-2420
0 0 0 08-2421
0 0 0 08-2422
0 0 0 08-2423
0 0 0 08-2500
0 0 0 08-2501
0 0 0 08-2502
0 0 0 08-2503
0 0 0 08-2504
0 0 0 08-2505
0 0 0 08-2506
0 0 0 08-2507
0 0 0 08-2508
0 0 0 08-2509
0 0 0 08-2510
0 0 0 08-2511
0 0 0 08-2512
0 0 0 08-2513
0 0 0 08-2514
0 0 0 08-2515
0 0 0 08-2516
0 0 0 08-2517
0 0 0 08-2518
0 0 0 08-2519
0 0 0 08-2520
0 0 0 08-2521
0 0 0 08-2522
0 0 0 08-2523
0 0 0 08-2600
0 0 0 08-2601
0 0 0 08-2602
0 0 0 08-2603
0 0 0 08-2604
0 0 0 08-2605
0 0 0 08-2606
0 0 0 08-2607
0 0 0 08-2608
0 0 0 08-2609
0 0 0 08-2610
0 0 0 08-2611
0 0 0 08-2612
0 0 0 08-2613
0 0 0 08-2614
0 0 0 08-2615
0 0 0 08-2616
0 0 0 08-2617
0 0 0 08-2618
0 0 0 08-2619
0 0 0 08-2620
0 0 0 08-2621
0 0 0 08-2622
0 0 0 08-2623
0 0 0 08-2700
0 0 0 08-2701
0 0 0 08-2702
0 0 0 08-2703
0 0 0 08-2704
0 0 0 08-2705
0 0 0 08-2706
0 0 0 08-2707
0 0 0 08-2708
0 0 0 08-2709
0 0 0 08-2710
0 0 0 08-2711
0 0 0 08-2712
0 0 0 08-2713
0 0 0 08-2714
0 0 0 08-2715
0 0 0 08-2716
0 0 0 08-2717
0 0 0 08-2718
0 0 0 08-2719
0 0 0 08-2720
0 0 0 08-2721
0 0 0 08-2722
0 0 0 08-2723
0 0 0 08-2800
0 0 0 08-2801
0 0 0 08-2802
0 0 0 08-2803
0 0 0 08-2804
0 0 0 08-2805
0 0 0 08-2806
0 0 0 08-2807
0 0 0 08-2808
0 0 0 08-2809
0 0 0 08-2810
0 0 0 08-2811
0 0 0 08-2812
0 0 0 08-2813
0 0 0 08-2814
0 0 0 08-2815
0 0 0 08-2816
0 0 0 08-2817
0 0 0 08-2818
0 0 0 08-2819
0 0 0 08-2820
0 0 0 08-2821
0 0 0 08-2822
0 0 0 08-2823
0 0 0 08-2900
0 0 0 08-2901
0 0 0 08-2902
0 0 0 08-2903
0 0 0 08-2904
0 0 0 08-2905
0 0 0 08-2906
0 0 0 08-2907
0 0 0 08-2908
0 0 0 08-2909
0 0 0 08-2910
0 0 0 08-2911
0 0 0 08-2912
0 0 0 08-2913
0 0 0 08-2914
0 0 0 08-2915
0 0 0 08-2916
0 0 0 08-2917
0 0 0 08-2918
0 0 0 08-2919
0 0 0 08-2920
0 0 0 08-2921
0 0 0 08-2922
0 0 0 08-2923
0 0 0 08-3000
0 0 0 08-3001
0 0 0 08-3002
0 0 0 08-3003
0 0 0 08-3004
0 0 0 08-3005
0 0 0 08-3006
0 0 0 08-3007
0 0 0 08-3008
0 0 0 08-3009
0 0 0 08-3010
0 0 0 08-3011
0 0 0 08-3012
0 0 0 08-3013
0 0 0 08-3014
0 0 0 08-3015
0 0 0 08-3016
0 0 0 08-3017
0 0 0 08-3018
0 0 0 08-3019
0 0 0 08-3020
0 0 0 08-3021
0 0 0 08-3022
0 0 0 08-3023
0 0 0 08-3100
0 0 0 08-3101
0 0 0 08-3102
0 0 0 08-3103
0 0 0 08-3104
0 0 0 08-3105
0 0 0 08-3106
0 0 0 08-3107
0 0 0 08-3108
0 0 0 08-3109
0 0 0 08-3110
0 0 0 08-3111
0 0 0 08-3112
0 0 0 08-3113
0 0 0 08-3114
0 0 0 08-3115
0 0 0 08-3116
12 17 5 08-3117
12 14 6 08-3118
12 14 5 08-3119
12 13 5 08-3120
12 22 5 08-3121
12 22 5 08-3122
12 25 5 08-3123
12 25 5 09-0100
12 25 5 09-0101
12 25 5 09-0102
12 25 5 09-0103
12 22 5 09-0104
12 25 5 09-0105
12 25 5 09-0106
12 25 5 09-0107
12 23 5 09-0108
12 26 5 09-0109
12 28 5 09-0110
12 34 5 09-0111
12 33 5 09-0112
12 36 6 09-0113
12 37 6 09-0114
12 61 6 09-0115
12 78 6 09-0116
12 98 6 09-0117
12 16 5 09-0118
12 49 5 09-0119
12 54 6 09-0120
12 58 6 09-0121
12 61 6 09-0122
12 61 6 09-0123
12 61 6 09-0200
12 61 6 09-0201
12 61 6 09-0202
12 61 6 09-0203
12 61 6 09-0204
12 61 6 09-0205
12 61 6 09-0206
12 61 6 09-0207
12 62 6 09-0208
12 62 6 09-0209
12 62 6 09-0210
12 64 6 09-0211
12 60 6 09-0212
12 56 6 09-0213
12 61 6 09-0214
12 61 6 09-0215
12 70 6 09-0216
12 70 6 09-0217
0 0 0 09-0218
0 0 0 09-0219
0 0 0 09-0220
0 0 0 09-0221
0 0 0 09-0222
0 0 0 09-0223
0 0 0 09-0300
0 0 0 09-0301
0 0 0 09-0302
0 0 0 09-0303
0 0 0 09-0304
0 0 0 09-0305
0 0 0 09-0306
0 0 0 09-0307
0 0 0 09-0308
0 0 0 09-0309
0 0 0 09-0310
0 0 0 09-0311
0 0 0 09-0312
0 0 0 09-0313
0 0 0 09-0314
0 0 0 09-0315
0 0 0 09-0316
0 0 0 09-0317
0 0 0 09-0318
0 0 0 09-0319
0 0 0 09-0320
0 0 0 09-0321
0 0 0 09-0322
0 0 0 09-0323
0 0 0 09-0400
0 0 0 09-0401
0 0 0 09-0402
0 0 0 09-0403
0 0 0 09-0404
0 0 0 09-0405
0 0 0 09-0406
0 0 0 09-0407
0 0 0 09-0408
0 0 0 09-0409
0 0 0 09-0410
0 0 0 09-0411
0 0 0 09-0412
0 0 0 09-0413
0 0 0 09-0414
0 0 0 09-0415
0 0 0 09-0416
0 0 0 09-0417
0 0 0 09-0418
0 0 0 09-0419
0 0 0 09-0420
0 0 0 09-0421
0 0 0 09-0422
0 0 0 09-0423
0 0 0 09-0500
0 0 0 09-0501
0 0 0 09-0502
0 0 0 09-0503
0 0 0 09-0504
0 0 0 09-0505
0 0 0 09-0506
0 0 0 09-0507
0 0 0 09-0508
0 0 0 09-0509
0 0 0 09-0510
0 0 0 09-0511
0 0 0 09-0512
0 0 0 09-0513
0 0 0 09-0514
0 0 0 09-0515
0 0 0 09-0516
0 0 0 09-0517
0 0 0 09-0518
0 0 0 09-0519
0 0 0 09-0520
0 0 0 09-0521
0 0 0 09-0522
0 0 0 09-0523
0 0 0 09-0600
0 0 0 09-0601
0 0 0 09-0602
0 0 0 09-0603
0 0 0 09-0604
0 0 0 09-0605
0 0 0 09-0606
0 0 0 09-0607
0 0 0 09-0608
0 0 0 09-0609
0 0 0 09-0610
0 0 0 09-0611
0 0 0 09-0612
0 0 0 09-0613
0 0 0 09-0614
0 0 0 09-0615
0 0 0 09-0616
0 0 0 09-0617
0 0 0 09-0618
0 0 0 09-0619
0 0 0 09-0620
0 0 0 09-0621
0 0 0 09-0622
0 0 0 09-0623
0 0 0 09-0700
0 0 0 09-0701
0 0 0 09-0702
0 0 0 09-0703
0 0 0 09-0704
0 0 0 09-0705
0 0 0 09-0706
0 0 0 09-0707
0 0 0 09-0708
0 0 0 09-0709
0 0 0 09-0710
0 0 0 09-0711
12 14 5 09-0712
12 14 5 09-0713
12 19 5 09-0714
12 32 5 09-0715
12 29 5 09-0716
12 31 5 09-0717
12 31 5 09-0718
12 31 5 09-0719
12 31 5 09-0720
12 31 5 09-0721
12 30 5 09-0722
12 30 5 09-0723
12 31 5 09-0800
12 31 5 09-0801
12 31 5 09-0802
12 31 5 09-0803
12 31 5 09-0804
12 31 5 09-0805
12 32 5 09-0806
12 31 5 09-0807
12 31 5 09-0808
12 31 5 09-0809
12 31 5 09-0810
12 32 5 09-0811
12 33 5 09-0812
12 33 5 09-0813
12 36 5 09-0814
12 21 5 09-0815
12 16 6 09-0816
12 17 7 09-0817
12 17 7 09-0818
12 17 7 09-0819
12 24 7 09-0820
12 38 7 09-0821
12 55 7 09-0822
12 55 7 09-0823
12 55 7 09-0900
12 55 7 09-0901
12 54 7 09-0902
12 56 7 09-0903
12 56 7 09-0904
12 56 7 09-0905
12 52 7 09-0906
12 55 7 09-0907
12 55 7 09-0908
12 55 7 09-0909
12 64 7 09-0910
12 60 7 09-0911
12 60 7 09-0912
12 12 5 09-0913
12 11 5 09-0914
12 14 5 09-0915
12 14 5 09-0916
12 14 5 09-0917
12 15 5 09-0918
12 15 5 09-0919
12 15 5 09-0920
12 15 5 09-0921
12 15 5 09-0922
12 15 5 09-0923
12 15 5 09-1000
12 15 5 09-1001
12 15 5 09-1002
12 15 5 09-1003
12 15 5 09-1004
12 14 5 09-1005
12 15 5 09-1006
12 16 5 09-1007
12 16 5 09-1008
12 15 5 09-1009
12 16 5 09-1010
12 16 5 09-1011
12 16 5 09-1012
12 17 5 09-1013
12 17 5 09-1014
12 17 5 09-1015
12 16 5 09-1016
12 17 5 09-1017
12 17 5 09-1018
12 16 5 09-1019
12 16 5 09-1020
12 16 5 09-1021
12 16 5 09-1022
12 16 5 09-1023
12 16 5 09-1100
12 17 5 09-1101
12 14 5 09-1102
12 14 5 09-1103
12 14 5 09-1104
12 14 5 09-1105
12 16 5 09-1106
12 16 5 09-1107
12 16 5 09-1108
12 16 5 09-1109
12 16 5 09-1110
12 16 5 09-1111
12 15 5 09-1112
12 15 5 09-1113
12 16 5 09-1114
12 16 5 09-1115
12 16 5 09-1116
12 16 5 09-1117
12 16 5 09-1118
12 16 5 09-1119
12 16 5 09-1120
12 19 5 09-1121
12 24 5 09-1122
12 33 5 09-1123
12 34 5 09-1200
12 34 5 09-1201
12 34 5 09-1202
12 34 5 09-1203
12 34 5 09-1204
12 34 5 09-1205
12 34 5 09-1206
12 34 5 09-1207
12 34 5 09-1208
12 35 5 09-1209
12 16 5 09-1210
12 45 5 09-1211
12 44 5 09-1212
12 54 5 09-1213
12 56 5 09-1214
12 64 5 09-1215
12 69 5 09-1216
12 72 5 09-1217
12 19 5 09-1218
12 18 5 09-1219
12 18 5 09-1220
12 18 5 09-1221
12 17 5 09-1222
12 16 5 09-1223
12 18 5 09-1300
12 17 5 09-1301
12 18 5 09-1302
12 17 5 09-1303
12 18 5 09-1304
12 17 5 09-1305
12 18 5 09-1306
12 18 5 09-1307
12 17 5 09-1308
12 17 5 09-1309
12 14 5 09-1310
12 14 5 09-1311
12 17 6 09-1312
12 17 6 09-1313
12 20 6 09-1314
12 20 6 09-1315
12 19 6 09-1316
12 21 6 09-1317
12 21 6 09-1318
12 17 5 09-1319
12 16 5 09-1320
12 16 5 09-1321
12 15 5 09-1322
12 15 5 09-1323
12 17 5 09-1400
12 17 5 09-1401
12 17 5 09-1402
12 17 5 09-1403
12 18 5 09-1404
12 18 5 09-1405
12 19 5 09-1406
12 19 5 09-1407
12 19 5 09-1408
12 23 5 09-1409
12 23 5 09-1410
12 29 5 09-1411
12 29 5 09-1412
12 29 5 09-1413
12 29 5 09-1414
12 30 5 09-1415
12 18 5 09-1416
12 19 5 09-1417
12 19 5 09-1418
12 20 5 09-1419
12 20 5 09-1420
12 21 5 09-1421
12 21 5 09-1422
12 21 5 09-1423
12 21 5 09-1500
12 21 5 09-1501
12 19 5 09-1502
12 18 5 09-1503
12 18 5 09-1504
12 18 5 09-1505
12 17 5 09-1506
12 16 5 09-1507
12 16 5 09-1508
12 16 5 09-1509
12 16 5 09-1510
12 24 5 09-1511
12 16 5 09-1512
12 16 5 09-1513
12 17 5 09-1514
12 17 5 09-1515
12 23 5 09-1516
12 23 5 09-1517
12 23 5 09-1518
12 23 5 09-1519
12 23 5 09-1520
12 23 5 09-1521
12 23 5 09-1522
12 22 5 09-1523
12 21 5 09-1600
12 22 5 09-1601
12 22 5 09-1602
12 22 5 09-1603
12 22 5 09-1604
12 22 5 09-1605
12 22 5 09-1606
12 22 5 09-1607
12 21 5 09-1608
12 21 5 09-1609
12 21 5 09-1610
12 17 6 09-1611
12 14 5 09-1612
12 15 5 09-1613
12 15 5 09-1614
12 18 5 09-1615
12 21 5 09-1616
12 24 5 09-1617
12 24 5 09-1618
12 24 5 09-1619
12 23 5 09-1620
12 24 5 09-1621
12 24 5 09-1622
12 24 5 09-1623
12 12 5 09-1700
12 14 5 09-1701
12 14 5 09-1702
12 14 5 09-1703
12 14 5 09-1704
12 14 5 09-1705
12 14 5 09-1706
12 14 5 09-1707
12 14 5 09-1708
12 13 5 09-1709
12 14 5 09-1710
12 14 5 09-1711
12 14 5 09-1712
12 14 5 09-1713
12 14 5 09-1714
12 14 5 09-1715
12 14 5 09-1716
12 14 5 09-1717
12 14 5 09-1718
12 14 5 09-1719
12 14 5 09-1720
12 15 5 09-1721
12 15 5 09-1722
12 15 5 09-1723
12 15 5 09-1800
12 18 5 09-1801
12 14 5 09-1802
12 14 5 09-1803
12 14 5 09-1804
12 14 5 09-1805
12 14 5 09-1806
12 14 5 09-1807
12 14 5 09-1808
12 14 5 09-1809
12 14 5 09-1810
12 14 5 09-1811
12 14 5 09-1812
12 17 5 09-1813
12 15 5 09-1814
12 15 5 09-1815
12 15 5 09-1816
12 15 5 09-1817
12 15 5 09-1818
12 15 5 09-1819
12 15 5 09-1820
12 15 5 09-1821
12 15 5 09-1822
12 14 5 09-1823
12 14 5 09-1900
12 14 5 09-1901
12 14 5 09-1902
12 13 5 09-1903
12 14 5 09-1904
12 15 5 09-1905
12 14 5 09-1906
12 14 5 09-1907
12 14 5 09-1908
12 15 5 09-1909
12 16 5 09-1910
12 18 5 09-1911
12 18 5 09-1912
12 17 5 09-1913
12 18 5 09-1914
12 20 5 09-1915
12 18 5 09-1916
12 19 5 09-1917
12 22 5 09-1918
12 21 5 09-1919
12 21 5 09-1920
12 21 5 09-1921
12 21 5 09-1922
12 21 5 09-1923
12 21 5 09-2000
12 21 5 09-2001
12 21 5 09-2002
12 21 5 09-2003
12 21 5 09-2004
12 16 5 09-2005
12 17 5 09-2006
12 18 5 09-2007
12 17 5 09-2008
12 27 5 09-2009
12 23 5 09-2010
12 19 5 09-2011
12 22 6 09-2012
12 22 6 09-2013
12 22 6 09-2014
12 24 7 09-2015
12 26 7 09-2016
12 14 5 09-2017
12 13 5 09-2018
12 16 5 09-2019
12 13 5 09-2020
12 22 5 09-2021
12 29 5 09-2022
12 40 5 09-2023
12 50 5 09-2100
12 51 5 09-2101
12 51 5 09-2102
12 51 5 09-2103
12 51 5 09-2104
12 47 5 09-2105
12 51 5 09-2106
12 51 5 09-2107
12 51 5 09-2108
12 51 5 09-2109
12 52 5 09-2110
12 51 5 09-2111
12 49 5 09-2112
12 52 5 09-2113
12 49 5 09-2114
12 48 5 09-2115
12 48 5 09-2116
12 20 5 09-2117
12 21 5 09-2118
12 21 5 09-2119
12 21 5 09-2120
12 21 5 09-2121
12 21 5 09-2122
12 21 5 09-2123
12 21 5 09-2200
12 23 5 09-2201
12 23 5 09-2202
12 23 5 09-2203
12 23 5 09-2204
12 23 5 09-2205
12 23 5 09-2206
12 22 5 09-2207
12 20 5 09-2208
12 20 5 09-2209
12 19 5 09-2210
12 21 5 09-2211
12 20 5 09-2212
12 20 5 09-2213
12 20 5 09-2214
12 20 5 09-2215
12 20 5 09-2216
12 21 5 09-2217
12 21 5 09-2218
12 21 5 09-2219
12 21 5 09-2220
12 23 5 09-2221
12 14 5 09-2222
12 13 5 09-2223
12 14 5 09-2300
12 14 5 09-2301
12 14 5 09-2302
12 14 5 09-2303
12 14 5 09-2304
12 14 5 09-2305
12 14 5 09-2306
12 14 5 09-2307
12 16 5 09-2308
12 16 5 09-2309
12 17 5 09-2310
12 17 5 09-2311
12 14 5 09-2312
12 17 5 09-2313
12 17 5 09-2314
12 17 5 09-2315
12 18 5 09-2316
12 18 5 09-2317
12 19 5 09-2318
12 19 5 09-2319
12 19 5 09-2320
12 20 6 09-2321
12 19 5 09-2322
12 19 5 09-2323
12 18 5 09-2400
12 19 5 09-2401
12 19 5 09-2402
12 19 5 09-2403
12 19 5 09-2404
12 19 5 09-2405
12 14 5 09-2406
12 14 5 09-2407
12 15 5 09-2408
12 15 5 09-2409
12 15 5 09-2410
12 15 5 09-2411
12 15 5 09-2412
12 15 5 09-2413
12 15 5 09-2414
12 15 5 09-2415
12 16 5 09-2416
12 14 5 09-2417
12 16 5 09-2418
12 17 5 09-2419
12 16 5 09-2420
12 17 5 09-2421
12 17 5 09-2422
12 17 5 09-2423
12 17 5 09-2500
12 18 5 09-2501
12 12 6 09-2502
12 19 5 09-2503
12 18 5 09-2504
12 19 5 09-2505
12 19 5 09-2506
12 19 5 09-2507
12 19 5 09-2508
12 19 5 09-2509
12 19 5 09-2510
12 14 5 09-2511
12 14 5 09-2512
12 14 5 09-2513
12 14 5 09-2514
12 14 5 09-2515
12 14 5 09-2516
12 14 5 09-2517
12 14 5 09-2518
12 14 5 09-2519
12 14 5 09-2520
12 14 5 09-2521
12 12 5 09-2522
12 15 5 09-2523
12 15 5 09-2600
12 15 5 09-2601
12 15 5 09-2602
12 15 5 09-2603
12 16 5 09-2604
12 16 5 09-2605
12 15 5 09-2606
12 13 5 09-2607
12 16 5 09-2608
12 16 5 09-2609
12 17 5 09-2610
12 29 5 09-2611
12 15 5 09-2612
12 15 5 09-2613
12 22 5 09-2614
12 22 5 09-2615
12 23 5 09-2616
12 26 5 09-2617
12 27 5 09-2618
12 30 5 09-2619
12 30 5 09-2620
12 30 5 09-2621
12 30 5 09-2622
12 30 5 09-2623
12 30 5 09-2700
12 30 5 09-2701
12 30 5 09-2702
12 30 5 09-2703
12 30 5 09-2704
12 31 5 09-2705
12 30 5 09-2706
12 28 5 09-2707
12 27 5 09-2708
12 14 5 09-2709
12 17 5 09-2710
12 18 5 09-2711
12 25 5 09-2712
12 20 4 09-2713
12 20 4 09-2714
12 32 4 09-2715
12 38 4 09-2716
12 38 4 09-2717
12 38 4 09-2718
12 38 4 09-2719
12 38 4 09-2720
12 39 4 09-2721
12 39 4 09-2722
12 39 4 09-2723
12 39 4 09-2800
12 40 4 09-2801
12 40 4 09-2802
12 40 4 09-2803
12 40 4 09-2804
12 35 4 09-2805
12 40 4 09-2806
12 40 4 09-2807
12 40 4 09-2808
12 40 4 09-2809
12 43 6 09-2810
12 57 6 09-2811
12 59 6 09-2812
12 59 6 09-2813
12 59 4 09-2814
12 59 4 09-2815
12 57 4 09-2816
12 59 4 09-2817
12 61 4 09-2818
12 61 4 09-2819
12 62 4 09-2820
12 62 4 09-2821
12 64 4 09-2822
12 65 4 09-2823
12 65 4 09-2900
12 65 4 09-2901
12 65 4 09-2902
12 65 4 09-2903
12 65 4 09-2904
12 64 4 09-2905
12 65 4 09-2906
12 65 4 09-2907
12 71 4 09-2908
12 79 5 09-2909
12 79 5 09-2910
12 81 5 09-2911
12 80 5 09-2912
12 102 5 09-2913
12 164 5 09-2914
12 13 6 09-2915
12 16 5 09-2916
12 17 5 09-2917
12 17 5 09-2918
12 17 5 09-2919
12 17 5 09-2920
12 17 5 09-2921
12 18 5 09-2922
12 18 5 09-2923
12 18 5 09-3000
12 17 5 09-3001
12 18 5 09-3002
12 16 5 09-3003
12 17 5 09-3004
12 17 5 09-3005
12 17 5 09-3006
12 17 5 09-3007
12 17 5 09-3008
12 17 5 09-3009
12 18 5 09-3010
12 19 5 09-3011
12 18 5 09-3012
12 19 6 09-3013
12 19 5 09-3014
12 19 5 09-3015
12 18 5 09-3016
12 18 5 09-3017
12 19 5 09-3018
12 19 5 09-3019
12 19 5 09-3020
12 19 5 09-3021
12 19 5 09-3022
12 19 5 09-3023
12 21 5 10-0100
12 22 5 10-0101
12 22 5 10-0102
12 22 5 10-0103
12 22 5 10-0104
12 22 5 10-0105
12 22 5 10-0106
12 22 5 10-0107
12 22 5 10-0108
12 23 5 10-0109
12 23 5 10-0110
12 21 5 10-0111
0 0 0 10-0112
12 14 5 10-0113
12 14 5 10-0114
12 13 5 10-0115
12 14 5 10-0116
12 19 5 10-0117
12 19 5 10-0118
12 19 5 10-0119
12 19 5 10-0120
12 19 5 10-0121
12 19 5 10-0122
12 20 5 10-0123
12 22 5 10-0200
12 23 5 10-0201
12 28 5 10-0202
12 28 5 10-0203
12 28 5 10-0204
12 28 5 10-0205
12 28 5 10-0206
12 28 5 10-0207
12 28 5 10-0208
12 28 5 10-0209
12 44 5 10-0210
12 46 5 10-0211
12 46 5 10-0212
12 53 5 10-0213
12 55 5 10-0214
12 55 5 10-0215
12 55 5 10-0216
12 58 5 10-0217
12 67 5 10-0218
12 78 5 10-0219
12 78 5 10-0220
12 83 5 10-0221
12 98 6 10-0222
12 94 5 10-0223
12 95 5 10-0300
12 95 5 10-0301
12 95 5 10-0302
12 95 5 10-0303
12 95 5 10-0304
12 95 5 10-0305
12 95 5 10-0306
12 104 5 10-0307
12 96 5 10-0308
12 97 5 10-0309
12 98 5 10-0310
12 112 5 10-0311
12 114 5 10-0312
12 113 5 10-0313
12 24 5 10-0314
12 33 5 10-0315
12 46 5 10-0316
12 55 5 10-0317
12 57 5 10-0318
12 57 5 10-0319
12 57 5 10-0320
12 57 5 10-0321
12 57 5 10-0322
12 57 5 10-0323
12 58 5 10-0400
12 57 5 10-0401
12 57 5 10-0402
12 80 5 10-0403
12 61 6 10-0404
12 57 5 10-0405
12 57 5 10-0406
12 60 5 10-0407
12 57 5 10-0408
12 60 5 10-0409
12 67 5 10-0410
12 63 5 10-0411
12 65 5 10-0412
12 65 9 10-0413
12 67 11 10-0414
12 70 11 10-0415
12 71 11 10-0416
12 72 11 10-0417
12 72 11 10-0418
12 73 11 10-0419
12 72 11 10-0420
12 76 11 10-0421
12 77 11 10-0422
12 76 11 10-0423
12 77 11 10-0500
12 76 5 10-0501
12 74 5 10-0502
12 76 5 10-0503
12 76 5 10-0504
12 76 5 10-0505
12 76 5 10-0506
12 76 5 10-0507
12 76 5 10-0508
12 78 6 10-0509
12 78 8 10-0510
12 86 8 10-0511
12 92 8 10-0512
12 93 8 10-0513
12 99 8 10-0514
12 100 8 10-0515
12 104 8 10-0516
12 116 8 10-0517
12 120 5 10-0518
12 119 5 10-0519
12 121 5 10-0520
12 121 5 10-0521
12 127 5 10-0522
12 127 5 10-0523
12 130 5 10-0600
12 131 5 10-0601
12 131 5 10-0602
12 131 5 10-0603
12 130 5 10-0604
12 131 5 10-0605
12 132 5 10-0606
12 132 5 10-0607
12 132 5 10-0608
0 0 0 10-0609
0 0 0 10-0610
0 0 0 10-0611
0 0 0 10-0612
0 0 0 10-0613
0 0 0 10-0614
12 15 5 10-0615
12 15 5 10-0616
12 16 6 10-0617
12 14 5 10-0618
12 14 5 10-0619
12 14 5 10-0620
12 14 5 10-0621
12 15 5 10-0622
12 18 5 10-0623
12 16 5 10-0700
12 16 5 10-0701
12 16 5 10-0702
12 16 5 10-0703
12 16 5 10-0704
12 16 5 10-0705
12 16 5 10-0706
12 17 5 10-0707
12 17 5 10-0708
12 18 5 10-0709
12 17 5 10-0710
12 14 5 10-0711
12 14 5 10-0712
12 14 5 10-0713
12 16 5 10-0714
12 16 5 10-0715
12 15 5 10-0716
12 15 5 10-0717
12 15 5 10-0718
12 15 5 10-0719
12 15 5 10-0720
12 15 5 10-0721
12 15 5 10-0722
12 15 5 10-0723
12 15 5 10-0800
12 15 5 10-0801
12 15 5 10-0802
12 15 5 10-0803
12 15 5 10-0804
12 15 5 10-0805
12 15 5 10-0806
12 15 5 10-0807
12 15 5 10-0808
12 16 5 10-0809
12 15 5 10-0810
12 15 5 10-0811
12 15 5 10-0812
12 15 5 10-0813
12 15 5 10-0814
12 16 6 10-0815
12 20 7 10-0816
12 22 7 10-0817
12 22 7 10-0818
12 23 7 10-0819
12 23 5 10-0820
12 23 5 10-0821
12 25 5 10-0822
12 23 5 10-0823
12 24 5 10-0900
12 23 5 10-0901
12 29 5 10-0902
12 29 5 10-0903
12 30 5 10-0904
12 29 5 10-0905
12 29 5 10-0906
12 31 5 10-0907
12 29 5 10-0908
12 29 5 10-0909
12 30 5 10-0910
12 31 5 10-0911
12 30 5 10-0912
12 30 5 10-0913
12 34 5 10-0914
12 31 5 10-0915
12 35 5 10-0916
12 35 5 10-0917
12 35 5 10-0918
12 35 5 10-0919
12 35 5 10-0920
12 36 5 10-0921
12 35 5 10-0922
12 35 5 10-0923
12 35 5 10-1000
12 35 5 10-1001
12 39 5 10-1002
12 35 5 10-1003
12 35 5 10-1004
12 36 5 10-1005
12 38 5 10-1006
12 36 5 10-1007
12 36 5 10-1008
12 37 5 10-1009
12 38 5 10-1010
12 40 5 10-1011
12 40 5 10-1012
12 40 5 10-1013
12 39 5 10-1014
12 44 5 10-1015
12 42 5 10-1016
12 52 5 10-1017
12 52 5 10-1018
12 52 5 10-1019
12 52 5 10-1020
12 59 8 10-1021
12 59 8 10-1022
12 59 8 10-1023
12 59 8 10-1100
12 59 8 10-1101
12 59 8 10-1102
12 59 5 10-1103
12 60 5 10-1104
12 60 5 10-1105
12 61 5 10-1106
12 61 5 10-1107
12 61 5 10-1108
12 61 5 10-1109
12 65 5 10-1110
12 75 6 10-1111
12 82 6 10-1112
12 87 6 10-1113
12 87 7 10-1114
12 89 7 10-1115
12 101 7 10-1116
12 102 5 10-1117
12 102 5 10-1118
12 102 5 10-1119
12 102 5 10-1120
12 103 5 10-1121
12 103 5 10-1122
12 104 5 10-1123
12 104 5 10-1200
12 104 5 10-1201
12 102 5 10-1202
12 104 5 10-1203
12 104 5 10-1204
12 104 5 10-1205
12 105 5 10-1206
12 104 5 10-1207
12 104 5 10-1208
12 104 5 10-1209
12 105 5 10-1210
12 96 5 10-1211
12 15 7 10-1212
12 15 5 10-1213
12 16 5 10-1214
12 17 5 10-1215
12 16 5 10-1216
12 19 5 10-1217
12 23 5 10-1218
12 23 5 10-1219
12 23 5 10-1220
12 23 5 10-1221
12 23 5 10-1222
12 28 5 10-1223
12 28 5 10-1300
12 30 5 10-1301
12 30 5 10-1302
12 30 5 10-1303
12 30 5 10-1304
12 30 5 10-1305
12 30 5 10-1306
12 30 5 10-1307
12 29 5 10-1308
12 30 5 10-1309
12 29 5 10-1310
12 35 5 10-1311
12 45 5 10-1312
12 46 5 10-1313
12 47 5 10-1314
12 45 5 10-1315
12 49 5 10-1316
12 51 5 10-1317
12 51 5 10-1318
12 51 5 10-1319
12 53 5 10-1320
0 0 0 10-1321
0 0 0 10-1322
0 0 0 10-1323
0 0 0 10-1400
0 0 0 10-1401
0 0 0 10-1402
0 0 0 10-1403
0 0 0 10-1404
0 0 0 10-1405
0 0 0 10-1406
0 0 0 10-1407
0 0 0 10-1408
0 0 0 10-1409
0 0 0 10-1410
0 0 0 10-1411
0 0 0 10-1412
0 0 0 10-1413
0 0 0 10-1414
0 0 0 10-1415
0 0 0 10-1416
0 0 0 10-1417
0 0 0 10-1418
0 0 0 10-1419
0 0 0 10-1420
0 0 0 10-1421
0 0 0 10-1422
0 0 0 10-1423
0 0 0 10-1500
0 0 0 10-1501
0 0 0 10-1502
0 0 0 10-1503
0 0 0 10-1504
0 0 0 10-1505
0 0 0 10-1506
0 0 0 10-1507
0 0 0 10-1508
0 0 0 10-1509
0 0 0 10-1510
0 0 0 10-1511
0 0 0 10-1512
0 0 0 10-1513
0 0 0 10-1514
0 0 0 10-1515
0 0 0 10-1516
0 0 0 10-1517
0 0 0 10-1518
0 0 0 10-1519
0 0 0 10-1520
0 0 0 10-1521
0 0 0 10-1522
0 0 0 10-1523
0 0 0 10-1600
0 0 0 10-1601
0 0 0 10-1602
0 0 0 10-1603
0 0 0 10-1604
0 0 0 10-1605
0 0 0 10-1606
0 0 0 10-1607
0 0 0 10-1608
0 0 0 10-1609
0 0 0 10-1610
0 0 0 10-1611
0 0 0 10-1612
0 0 0 10-1613
0 0 0 10-1614
0 0 0 10-1615
0 0 0 10-1616
0 0 0 10-1617
0 0 0 10-1618
0 0 0 10-1619
0 0 0 10-1620
0 0 0 10-1621
12 28 5 10-1622
12 28 5 10-1623
12 29 5 10-1700
12 29 5 10-1701
12 30 5 10-1702
12 31 5 10-1703
12 32 5 10-1704
12 32 5 10-1705
12 32 5 10-1706
12 32 5 10-1707
12 33 5 10-1708
12 18 6 10-1709
12 24 6 10-1710
12 24 6 10-1711
12 24 6 10-1712
12 24 6 10-1713
12 25 6 10-1714
12 25 6 10-1715
12 25 6 10-1716
12 26 6 10-1717
12 27 6 10-1718
12 31 6 10-1719
12 31 6 10-1720
12 31 7 10-1721
12 31 7 10-1722
12 31 7 10-1723
12 31 7 10-1800
12 31 7 10-1801
12 31 7 10-1802
12 31 7 10-1803
12 31 7 10-1804
12 32 7 10-1805
12 32 7 10-1806
12 32 7 10-1807
12 32 7 10-1808
12 31 7 10-1809
12 30 7 10-1810
12 32 7 10-1811
12 32 7 10-1812
12 32 7 10-1813
12 32 7 10-1814
12 19 5 10-1815
12 22 5 10-1816
12 21 5 10-1817
12 23 5 10-1818
12 22 5 10-1819
12 23 5 10-1820
12 23 5 10-1821
12 23 5 10-1822
12 23 5 10-1823
12 23 5 10-1900
12 23 5 10-1901
12 23 5 10-1902
12 24 5 10-1903
12 25 5 10-1904
12 25 5 10-1905
12 25 5 10-1906
12 25 5 10-1907
12 25 5 10-1908
12 25 5 10-1909
12 25 5 10-1910
12 27 5 10-1911
12 28 5 10-1912
12 28 7 10-1913
12 28 5 10-1914
12 35 5 10-1915
12 34 5 10-1916
12 34 5 10-1917
12 36 5 10-1918
12 36 5 10-1919
12 36 5 10-1920
12 36 5 10-1921
12 36 5 10-1922
12 36 5 10-1923
12 38 5 10-2000
12 36 5 10-2001
12 38 5 10-2002
12 38 5 10-2003
12 38 5 10-2004
12 38 5 10-2005
12 38 5 10-2006
12 38 5 10-2007
12 38 5 10-2008
12 40 5 10-2009
12 39 5 10-2010
12 40 5 10-2011
12 42 5 10-2012
12 42 5 10-2013
12 42 5 10-2014
12 42 5 10-2015
12 42 5 10-2016
12 43 5 10-2017
12 46 5 10-2018
12 44 5 10-2019
12 29 5 10-2020
12 29 5 10-2021
12 29 5 10-2022
12 28 5 10-2023
12 29 5 10-2100
12 29 5 10-2101
12 29 5 10-2102
12 28 5 10-2103
12 29 5 10-2104
12 29 5 10-2105
12 29 5 10-2106
12 29 5 10-2107
12 29 5 10-2108
12 30 5 10-2109
12 31 5 10-2110
12 30 5 10-2111
12 22 5 10-2112
0 0 0 10-2113
0 0 0 10-2114
0 0 0 10-2115
0 0 0 10-2116
0 0 0 10-2117
0 0 0 10-2118
0 0 0 10-2119
0 0 0 10-2120
0 0 0 10-2121
0 0 0 10-2122
0 0 0 10-2123
0 0 0 10-2200
0 0 0 10-2201
0 0 0 10-2202
0 0 0 10-2203
0 0 0 10-2204
0 0 0 10-2205
0 0 0 10-2206
0 0 0 10-2207
0 0 0 10-2208
0 0 0 10-2209
0 0 0 10-2210
0 0 0 10-2211
0 0 0 10-2212
0 0 0 10-2213
0 0 0 10-2214
0 0 0 10-2215
0 0 0 10-2216
0 0 0 10-2217
0 0 0 10-2218
0 0 0 10-2219
0 0 0 10-2220
0 0 0 10-2221
0 0 0 10-2222
0 0 0 10-2223
0 0 0 10-2300
0 0 0 10-2301
0 0 0 10-2302
0 0 0 10-2303
0 0 0 10-2304
0 0 0 10-2305
0 0 0 10-2306
0 0 0 10-2307
0 0 0 10-2308
0 0 0 10-2309
0 0 0 10-2310
0 0 0 10-2311
0 0 0 10-2312
0 0 0 10-2313
0 0 0 10-2314
0 0 0 10-2315
0 0 0 10-2316
0 0 0 10-2317
0 0 0 10-2318
0 0 0 10-2319
0 0 0 10-2320
0 0 0 10-2321
0 0 0 10-2322
0 0 0 10-2323
0 0 0 10-2400
0 0 0 10-2401
0 0 0 10-2402
0 0 0 10-2403
0 0 0 10-2404
0 0 0 10-2405
0 0 0 10-2406
0 0 0 10-2407
0 0 0 10-2408
0 0 0 10-2409
0 0 0 10-2410
0 0 0 10-2411
0 0 0 10-2412
0 0 0 10-2413
0 0 0 10-2414
0 0 0 10-2415
0 0 0 10-2416
0 0 0 10-2417
0 0 0 10-2418
0 0 0 10-2419
0 0 0 10-2420
0 0 0 10-2421
0 0 0 10-2422
0 0 0 10-2423
0 0 0 10-2500
0 0 0 10-2501
0 0 0 10-2502
0 0 0 10-2503
0 0 0 10-2504
0 0 0 10-2505
0 0 0 10-2506
0 0 0 10-2507
0 0 0 10-2508
0 0 0 10-2509
0 0 0 10-2510
0 0 0 10-2511
0 0 0 10-2512
0 0 0 10-2513
0 0 0 10-2514
0 0 0 10-2515
0 0 0 10-2516
0 0 0 10-2517
0 0 0 10-2518
0 0 0 10-2519
0 0 0 10-2520
0 0 0 10-2521
0 0 0 10-2522
0 0 0 10-2523
0 0 0 10-2600
0 0 0 10-2601
0 0 0 10-2602
0 0 0 10-2603
0 0 0 10-2604
0 0 0 10-2605
0 0 0 10-2606
0 0 0 10-2607
0 0 0 10-2608
0 0 0 10-2609
0 0 0 10-2610
0 0 0 10-2611
0 0 0 10-2612
0 0 0 10-2613
0 0 0 10-2614
0 0 0 10-2615
0 0 0 10-2616
0 0 0 10-2617
0 0 0 10-2618
0 0 0 10-2619
0 0 0 10-2620
0 0 0 10-2621
0 0 0 10-2622
0 0 0 10-2623
0 0 0 10-2700
0 0 0 10-2701
0 0 0 10-2702
0 0 0 10-2703
0 0 0 10-2704
0 0 0 10-2705
0 0 0 10-2706
0 0 0 10-2707
0 0 0 10-2708
0 0 0 10-2709
0 0 0 10-2710
0 0 0 10-2711
0 0 0 10-2712
12 18 6 10-2713
12 18 6 10-2714
12 17 6 10-2715
12 16 6 10-2716
12 18 6 10-2717
12 18 6 10-2718
12 18 6 10-2719
12 19 6 10-2720
12 19 6 10-2721
12 19 6 10-2722
12 17 6 10-2723
12 19 6 10-2800
12 20 6 10-2801
12 20 6 10-2802
12 21 6 10-2803
12 21 6 10-2804
12 21 6 10-2805
12 21 6 10-2806
12 21 6 10-2807
12 21 6 10-2808
12 21 6 10-2809
12 19 6 10-2810
12 22 6 10-2811
12 22 6 10-2812
12 20 6 10-2813
12 22 6 10-2814
12 23 6 10-2815
12 23 6 10-2816
0 0 0 10-2817
0 0 0 10-2818
0 0 0 10-2819
0 0 0 10-2820
0 0 0 10-2821
0 0 0 10-2822
0 0 0 10-2823
0 0 0 10-2900
0 0 0 10-2901
0 0 0 10-2902
0 0 0 10-2903
0 0 0 10-2904
0 0 0 10-2905
0 0 0 10-2906
0 0 0 10-2907
0 0 0 10-2908
0 0 0 10-2909
0 0 0 10-2910
0 0 0 10-2911
0 0 0 10-2912
0 0 0 10-2913
0 0 0 10-2914
0 0 0 10-2915
0 0 0 10-2916
0 0 0 10-2917
0 0 0 10-2918
0 0 0 10-2919
0 0 0 10-2920
0 0 0 10-2921
0 0 0 10-2922
0 0 0 10-2923
0 0 0 10-3000
0 0 0 10-3001
0 0 0 10-3001
0 0 0 10-3002
0 0 0 10-3003
0 0 0 10-3004
0 0 0 10-3005
0 0 0 10-3006
0 0 0 10-3007
0 0 0 10-3008
0 0 0 10-3009
0 0 0 10-3010
0 0 0 10-3011
0 0 0 10-3012
12 17 6 10-3013
12 13 6 10-3014
12 17 6 10-3015
12 13 6 10-3016
12 17 6 10-3017
12 17 6 10-3018
12 17 6 10-3019
12 17 6 10-3020
12 17 6 10-3021
12 16 6 10-3022
12 17 6 10-3023
12 17 6 10-3100
12 17 6 10-3101
12 16 6 10-3102
12 17 6 10-3103
12 14 6 10-3104
12 17 6 10-3105
12 17 6 10-3106
12 17 6 10-3107
12 18 6 10-3108
12 19 6 10-3109
12 20 6 10-3110
12 43 7 10-3111
12 42 7 10-3112
12 41 7 10-3113
12 42 7 10-3114
12 42 7 10-3115
12 42 7 10-3116
12 45 7 10-3117
12 44 7 10-3118
12 45 7 10-3119
12 45 7 10-3120
12 45 7 10-3121
12 45 7 10-3122
12 44 7 10-3123
12 45 7 11-0100
12 45 7 11-0101
12 45 7 11-0102
12 45 7 11-0103
12 45 7 11-0104
12 44 7 11-0105
12 45 7 11-0106
12 44 7 11-0107
12 45 7 11-0108
12 45 7 11-0109
12 45 7 11-0110
12 46 7 11-0111
12 60 7 11-0112
0 0 0 11-0113
0 0 0 11-0114
0 0 0 11-0115
0 0 0 11-0116
0 0 0 11-0117
0 0 0 11-0118
0 0 0 11-0119
0 0 0 11-0120
0 0 0 11-0121
0 0 0 11-0122
0 0 0 11-0123
0 0 0 11-0200
0 0 0 11-0201
0 0 0 11-0202
0 0 0 11-0203
0 0 0 11-0204
0 0 0 11-0205
0 0 0 11-0206
0 0 0 11-0207
0 0 0 11-0208
0 0 0 11-0209
0 0 0 11-0210
0 0 0 11-0211
0 0 0 11-0212
0 0 0 11-0213
0 0 0 11-0214
0 0 0 11-0215
0 0 0 11-0216
0 0 0 11-0217
0 0 0 11-0218
0 0 0 11-0219
0 0 0 11-0220
0 0 0 11-0221
0 0 0 11-0222
0 0 0 11-0223
0 0 0 11-0300
0 0 0 11-0301
0 0 0 11-0302
0 0 0 11-0303
0 0 0 11-0304
0 0 0 11-0305
0 0 0 11-0306
0 0 0 11-0307
0 0 0 11-0308
0 0 0 11-0309
0 0 0 11-0310
0 0 0 11-0311
0 0 0 11-0312
0 0 0 11-0313
0 0 0 11-0314
0 0 0 11-0315
0 0 0 11-0316
0 0 0 11-0317
0 0 0 11-0318
0 0 0 11-0319
0 0 0 11-0320
0 0 0 11-0321
0 0 0 11-0322
0 0 0 11-0323
0 0 0 11-0400
0 0 0 11-0401
0 0 0 11-0402
0 0 0 11-0403
0 0 0 11-0404
0 0 0 11-0405
0 0 0 11-0406
0 0 0 11-0407
0 0 0 11-0408
0 0 0 11-0409
0 0 0 11-0410
0 0 0 11-0411
0 0 0 11-0412
0 0 0 11-0413
0 0 0 11-0414
0 0 0 11-0415
0 0 0 11-0416
0 0 0 11-0417
0 0 0 11-0418
0 0 0 11-0419
0 0 0 11-0420
0 0 0 11-0421
0 0 0 11-0422
0 0 0 11-0423
0 0 0 11-0500
0 0 0 11-0501
0 0 0 11-0502
0 0 0 11-0503
0 0 0 11-0504
0 0 0 11-0505
0 0 0 11-0506
0 0 0 11-0507
0 0 0 11-0508
0 0 0 11-0509
0 0 0 11-0510
0 0 0 11-0511
0 0 0 11-0512
0 0 0 11-0513
0 0 0 11-0514
0 0 0 11-0515
0 0 0 11-0516
0 0 0 11-0517
0 0 0 11-0518
0 0 0 11-0519
0 0 0 11-0520
0 0 0 11-0521
0 0 0 11-0522
0 0 0 11-0523
0 0 0 11-0600
0 0 0 11-0601
0 0 0 11-0602
0 0 0 11-0603
0 0 0 11-0604
0 0 0 11-0605
0 0 0 11-0606
0 0 0 11-0607
0 0 0 11-0608
0 0 0 11-0609
0 0 0 11-0610
0 0 0 11-0611
0 0 0 11-0612
0 0 0 11-0613
0 0 0 11-0614
0 0 0 11-0615
0 0 0 11-0616
0 0 0 11-0617
0 0 0 11-0618
0 0 0 11-0619
0 0 0 11-0620
0 0 0 11-0621
0 0 0 11-0622
0 0 0 11-0623
0 0 0 11-0700
0 0 0 11-0701
0 0 0 11-0702
0 0 0 11-0703
0 0 0 11-0704
0 0 0 11-0705
0 0 0 11-0706
0 0 0 11-0707
0 0 0 11-0708
0 0 0 11-0709
0 0 0 11-0710
0 0 0 11-0711
0 0 0 11-0712
0 0 0 11-0713
0 0 0 11-0714
0 0 0 11-0715
0 0 0 11-0716
0 0 0 11-0717
0 0 0 11-0718
0 0 0 11-0719
0 0 0 11-0720
0 0 0 11-0721
0 0 0 11-0722
0 0 0 11-0723
0 0 0 11-0800
0 0 0 11-0801
0 0 0 11-0802
0 0 0 11-0803
0 0 0 11-0804
0 0 0 11-0805
0 0 0 11-0806
0 0 0 11-0807
0 0 0 11-0808
0 0 0 11-0809
0 0 0 11-0810
0 0 0 11-0811
0 0 0 11-0812
0 0 0 11-0813
0 0 0 11-0814
0 0 0 11-0815
0 0 0 11-0816
0 0 0 11-0817
0 0 0 11-0818
0 0 0 11-0819
0 0 0 11-0820
0 0 0 11-0821
0 0 0 11-0822
0 0 0 11-0823
0 0 0 11-0900
0 0 0 11-0901
0 0 0 11-0902
0 0 0 11-0903
0 0 0 11-0904
0 0 0 11-0905
0 0 0 11-0906
0 0 0 11-0907
0 0 0 11-0908
0 0 0 11-0909
0 0 0 11-0910
0 0 0 11-0911
0 0 0 11-0912
0 0 0 11-0913
0 0 0 11-0914
0 0 0 11-0915
0 0 0 11-0916
0 0 0 11-0917
0 0 0 11-0918
0 0 0 11-0919
0 0 0 11-0920
0 0 0 11-0921
0 0 0 11-0922
0 0 0 11-0923
0 0 0 11-1000
0 0 0 11-1001
0 0 0 11-1002
0 0 0 11-1003
0 0 0 11-1004
0 0 0 11-1005
0 0 0 11-1006
0 0 0 11-1007
0 0 0 11-1008
0 0 0 11-1009
0 0 0 11-1010
0 0 0 11-1011
0 0 0 11-1012
0 0 0 11-1013
0 0 0 11-1014
0 0 0 11-1015
0 0 0 11-1016
0 0 0 11-1017
0 0 0 11-1018
0 0 0 11-1019
0 0 0 11-1020
0 0 0 11-1021
0 0 0 11-1022
0 0 0 11-1023
0 0 0 11-1100
0 0 0 11-1101
0 0 0 11-1102
0 0 0 11-1103
0 0 0 11-1104
0 0 0 11-1105
0 0 0 11-1106
0 0 0 11-1107
0 0 0 11-1108
0 0 0 11-1109
0 0 0 11-1110
0 0 0 11-1111
0 0 0 11-1112
0 0 0 11-1113
0 0 0 11-1114
0 0 0 11-1115
0 0 0 11-1116
0 0 0 11-1117
0 0 0 11-1118
0 0 0 11-1119
0 0 0 11-1120
0 0 0 11-1121
0 0 0 11-1122
0 0 0 11-1123
0 0 0 11-1200
0 0 0 11-1201
0 0 0 11-1202
0 0 0 11-1203
0 0 0 11-1204
0 0 0 11-1205
0 0 0 11-1206
0 0 0 11-1207
0 0 0 11-1208
0 0 0 11-1209
0 0 0 11-1210
0 0 0 11-1211
0 0 0 11-1212
0 0 0 11-1213
0 0 0 11-1214
0 0 0 11-1215
0 0 0 11-1216
0 0 0 11-1217
0 0 0 11-1218
0 0 0 11-1219
0 0 0 11-1220
0 0 0 11-1221
0 0 0 11-1222
0 0 0 11-1223
0 0 0 11-1300
0 0 0 11-1301
0 0 0 11-1302
0 0 0 11-1303
0 0 0 11-1304
0 0 0 11-1305
0 0 0 11-1306
0 0 0 11-1307
0 0 0 11-1308
0 0 0 11-1309
0 0 0 11-1310
0 0 0 11-1311
0 0 0 11-1312
0 0 0 11-1313
0 0 0 11-1314
0 0 0 11-1315
0 0 0 11-1316
0 0 0 11-1317
0 0 0 11-1318
0 0 0 11-1319
0 0 0 11-1320
0 0 0 11-1321
0 0 0 11-1322
0 0 0 11-1323
0 0 0 11-1400
0 0 0 11-1401
0 0 0 11-1402
0 0 0 11-1403
0 0 0 11-1404
0 0 0 11-1405
0 0 0 11-1406
0 0 0 11-1407
0 0 0 11-1408
0 0 0 11-1409
0 0 0 11-1410
0 0 0 11-1411
0 0 0 11-1412
0 0 0 11-1413
0 0 0 11-1414
0 0 0 11-1415
0 0 0 11-1416
0 0 0 11-1417
0 0 0 11-1418
0 0 0 11-1419
0 0 0 11-1420
0 0 0 11-1421
0 0 0 11-1422
0 0 0 11-1423
0 0 0 11-1500
0 0 0 11-1501
0 0 0 11-1502
0 0 0 11-1503
0 0 0 11-1504
0 0 0 11-1505
0 0 0 11-1506
0 0 0 11-1507
0 0 0 11-1508
0 0 0 11-1509
0 0 0 11-1510
0 0 0 11-1511
0 0 0 11-1512
0 0 0 11-1513
0 0 0 11-1514
0 0 0 11-1515
0 0 0 11-1516
0 0 0 11-1517
0 0 0 11-1518
0 0 0 11-1519
0 0 0 11-1520
0 0 0 11-1521
0 0 0 11-1522
0 0 0 11-1523
0 0 0 11-1600
0 0 0 11-1601
0 0 0 11-1602
0 0 0 11-1603
0 0 0 11-1604
0 0 0 11-1605
0 0 0 11-1606
0 0 0 11-1607
0 0 0 11-1608
0 0 0 11-1609
0 0 0 11-1610
0 0 0 11-1611
0 0 0 11-1612
0 0 0 11-1613
0 0 0 11-1614
0 0 0 11-1615
0 0 0 11-1616
0 0 0 11-1617
0 0 0 11-1618
0 0 0 11-1619
0 0 0 11-1620
0 0 0 11-1621
0 0 0 11-1622
0 0 0 11-1623
0 0 0 11-1700
0 0 0 11-1701
0 0 0 11-1702
0 0 0 11-1703
0 0 0 11-1704
0 0 0 11-1705
0 0 0 11-1706
0 0 0 11-1707
0 0 0 11-1708
0 0 0 11-1709
0 0 0 11-1710
0 0 0 11-1711
0 0 0 11-1712
0 0 0 11-1713
0 0 0 11-1714
0 0 0 11-1715
0 0 0 11-1716
0 0 0 11-1717
0 0 0 11-1718
0 0 0 11-1719
0 0 0 11-1720
0 0 0 11-1721
0 0 0 11-1722
0 0 0 11-1723
0 0 0 11-1800
0 0 0 11-1801
0 0 0 11-1802
0 0 0 11-1803
0 0 0 11-1804
0 0 0 11-1805
0 0 0 11-1806
0 0 0 11-1807
0 0 0 11-1808
0 0 0 11-1809
0 0 0 11-1810
0 0 0 11-1811
0 0 0 11-1812
0 0 0 11-1813
0 0 0 11-1814
0 0 0 11-1815
0 0 0 11-1816
0 0 0 11-1817
0 0 0 11-1818
0 0 0 11-1819
0 0 0 11-1820
0 0 0 11-1821
0 0 0 11-1822
0 0 0 11-1823
0 0 0 11-1900
0 0 0 11-1901
0 0 0 11-1902
0 0 0 11-1903
0 0 0 11-1904
0 0 0 11-1905
0 0 0 11-1906
0 0 0 11-1907
0 0 0 11-1908
0 0 0 11-1909
0 0 0 11-1910
0 0 0 11-1911
0 0 0 11-1912
0 0 0 11-1913
0 0 0 11-1914
0 0 0 11-1915
0 0 0 11-1916
0 0 0 11-1917
0 0 0 11-1918
0 0 0 11-1919
0 0 0 11-1920
0 0 0 11-1921
0 0 0 11-1922
0 0 0 11-1923
0 0 0 11-2000
0 0 0 11-2001
0 0 0 11-2002
0 0 0 11-2003
0 0 0 11-2004
0 0 0 11-2005
0 0 0 11-2006
0 0 0 11-2007
0 0 0 11-2008
0 0 0 11-2009
0 0 0 11-2010
0 0 0 11-2011
0 0 0 11-2012
0 0 0 11-2013
0 0 0 11-2014
0 0 0 11-2015
0 0 0 11-2016
0 0 0 11-2017
0 0 0 11-2018
0 0 0 11-2019
0 0 0 11-2020
0 0 0 11-2021
0 0 0 11-2022
0 0 0 11-2023
0 0 0 11-2100
0 0 0 11-2101
0 0 0 11-2102
0 0 0 11-2103
0 0 0 11-2104
0 0 0 11-2105
0 0 0 11-2106
0 0 0 11-2107
0 0 0 11-2108
0 0 0 11-2109
0 0 0 11-2110
0 0 0 11-2111
0 0 0 11-2112
0 0 0 11-2113
0 0 0 11-2114
0 0 0 11-2115
0 0 0 11-2116
0 0 0 11-2117
0 0 0 11-2118
0 0 0 11-2119
0 0 0 11-2120
0 0 0 11-2121
0 0 0 11-2122
0 0 0 11-2123
0 0 0 11-2200
0 0 0 11-2201
0 0 0 11-2202
0 0 0 11-2203
0 0 0 11-2204
0 0 0 11-2205
0 0 0 11-2206
0 0 0 11-2207
0 0 0 11-2208
0 0 0 11-2209
0 0 0 11-2210
0 0 0 11-2211
0 0 0 11-2212
0 0 0 11-2213
0 0 0 11-2214
0 0 0 11-2215
0 0 0 11-2216
0 0 0 11-2217
0 0 0 11-2218
0 0 0 11-2219
0 0 0 11-2220
0 0 0 11-2221
0 0 0 11-2222
0 0 0 11-2223
0 0 0 11-2300
0 0 0 11-2301
0 0 0 11-2302
0 0 0 11-2303
0 0 0 11-2304
0 0 0 11-2305
0 0 0 11-2306
0 0 0 11-2307
0 0 0 11-2308
0 0 0 11-2309
0 0 0 11-2310
0 0 0 11-2311
0 0 0 11-2312
0 0 0 11-2313
0 0 0 11-2314
0 0 0 11-2315
0 0 0 11-2316
0 0 0 11-2317
0 0 0 11-2318
0 0 0 11-2319
0 0 0 11-2320
0 0 0 11-2321
0 0 0 11-2322
0 0 0 11-2323
0 0 0 11-2400
0 0 0 11-2401
0 0 0 11-2402
0 0 0 11-2403
0 0 0 11-2404
0 0 0 11-2405
0 0 0 11-2406
0 0 0 11-2407
0 0 0 11-2408
0 0 0 11-2409
0 0 0 11-2410
0 0 0 11-2411
0 0 0 11-2412
0 0 0 11-2413
0 0 0 11-2414
0 0 0 11-2415
0 0 0 11-2416
0 0 0 11-2417
0 0 0 11-2418
0 0 0 11-2419
0 0 0 11-2420
0 0 0 11-2421
0 0 0 11-2422
0 0 0 11-2423
0 0 0 11-2500
0 0 0 11-2501
0 0 0 11-2502
0 0 0 11-2503
0 0 0 11-2504
0 0 0 11-2505
0 0 0 11-2506
0 0 0 11-2507
0 0 0 11-2508
0 0 0 11-2509
0 0 0 11-2510
0 0 0 11-2511
0 0 0 11-2512
0 0 0 11-2513
0 0 0 11-2514
0 0 0 11-2515
0 0 0 11-2516
0 0 0 11-2517
0 0 0 11-2518
0 0 0 11-2519
0 0 0 11-2520
0 0 0 11-2521
0 0 0 11-2522
0 0 0 11-2523
0 0 0 11-2600
0 0 0 11-2601
0 0 0 11-2602
0 0 0 11-2603
0 0 0 11-2604
0 0 0 11-2605
0 0 0 11-2606
0 0 0 11-2607
0 0 0 11-2608
0 0 0 11-2609
0 0 0 11-2610
0 0 0 11-2611
0 0 0 11-2612
0 0 0 11-2613
0 0 0 11-2614
0 0 0 11-2615
0 0 0 11-2616
0 0 0 11-2617
0 0 0 11-2618
0 0 0 11-2619
0 0 0 11-2620
0 0 0 11-2621
0 0 0 11-2622
0 0 0 11-2623
0 0 0 11-2700
0 0 0 11-2701
0 0 0 11-2702
0 0 0 11-2703
0 0 0 11-2704
0 0 0 11-2705
0 0 0 11-2706
0 0 0 11-2707
0 0 0 11-2708
0 0 0 11-2709
0 0 0 11-2710
0 0 0 11-2711
0 0 0 11-2712
0 0 0 11-2713
0 0 0 11-2714
0 0 0 11-2715
0 0 0 11-2716
0 0 0 11-2717
0 0 0 11-2718
0 0 0 11-2719
0 0 0 11-2720
0 0 0 11-2721
0 0 0 11-2722
0 0 0 11-2723
0 0 0 11-2800
0 0 0 11-2801
0 0 0 11-2802
0 0 0 11-2803
0 0 0 11-2804
0 0 0 11-2805
0 0 0 11-2806
0 0 0 11-2807
0 0 0 11-2808
0 0 0 11-2809
0 0 0 11-2810
0 0 0 11-2811
0 0 0 11-2812
0 0 0 11-2813
0 0 0 11-2814
0 0 0 11-2815
0 0 0 11-2816
0 0 0 11-2817
0 0 0 11-2818
0 0 0 11-2819
0 0 0 11-2820
0 0 0 11-2821
0 0 0 11-2822
0 0 0 11-2823
0 0 0 11-2900
0 0 0 11-2901
0 0 0 11-2902
0 0 0 11-2903
0 0 0 11-2904
0 0 0 11-2905
0 0 0 11-2906
0 0 0 11-2907
0 0 0 11-2908
0 0 0 11-2909
0 0 0 11-2910
0 0 0 11-2911
0 0 0 11-2912
0 0 0 11-2913
0 0 0 11-2914
0 0 0 11-2915
0 0 0 11-2916
0 0 0 11-2917
0 0 0 11-2918
0 0 0 11-2919
0 0 0 11-2920
0 0 0 11-2921
0 0 0 11-2922
0 0 0 11-2923
0 0 0 11-3000
0 0 0 11-3001
0 0 0 11-3002
0 0 0 11-3003
0 0 0 11-3004
0 0 0 11-3005
0 0 0 11-3006
0 0 0 11-3007
0 0 0 11-3008
0 0 0 11-3009
0 0 0 11-3010
0 0 0 11-3011
0 0 0 11-3012
0 0 0 11-3013
0 0 0 11-3014
0 0 0 11-3015
0 0 0 11-3016
0 0 0 11-3017
0 0 0 11-3018
0 0 0 11-3019
0 0 0 11-3020
0 0 0 11-3021
0 0 0 11-3022
0 0 0 11-3023
0 0 0 12-0100
0 0 0 12-0101
0 0 0 12-0102
0 0 0 12-0103
0 0 0 12-0104
0 0 0 12-0105
0 0 0 12-0106
0 0 0 12-0107
0 0 0 12-0108
0 0 0 12-0109
0 0 0 12-0110
0 0 0 12-0111
0 0 0 12-0112
0 0 0 12-0113
0 0 0 12-0114
0 0 0 12-0115
0 0 0 12-0116
0 0 0 12-0117
0 0 0 12-0118
0 0 0 12-0119
0 0 0 12-0120
0 0 0 12-0121
0 0 0 12-0122
0 0 0 12-0123
0 0 0 12-0200
0 0 0 12-0201
0 0 0 12-0202
0 0 0 12-0203
0 0 0 12-0204
0 0 0 12-0205
0 0 0 12-0206
0 0 0 12-0207
0 0 0 12-0208
0 0 0 12-0209
0 0 0 12-0210
0 0 0 12-0211
0 0 0 12-0212
0 0 0 12-0213
0 0 0 12-0214
0 0 0 12-0215
0 0 0 12-0216
0 0 0 12-0217
0 0 0 12-0218
0 0 0 12-0219
0 0 0 12-0220
0 0 0 12-0221
0 0 0 12-0222
0 0 0 12-0223
0 0 0 12-0300
0 0 0 12-0301
0 0 0 12-0302
0 0 0 12-0303
0 0 0 12-0304
0 0 0 12-0305
0 0 0 12-0306
0 0 0 12-0307
0 0 0 12-0308
0 0 0 12-0309
0 0 0 12-0310
0 0 0 12-0311
0 0 0 12-0312
0 0 0 12-0313
0 0 0 12-0314
0 0 0 12-0315
0 0 0 12-0316
0 0 0 12-0317
0 0 0 12-0318
0 0 0 12-0319
0 0 0 12-0320
0 0 0 12-0321
0 0 0 12-0322
0 0 0 12-0323
0 0 0 12-0400
0 0 0 12-0401
0 0 0 12-0402
0 0 0 12-0403
0 0 0 12-0404
0 0 0 12-0405
0 0 0 12-0406
0 0 0 12-0407
0 0 0 12-0408
0 0 0 12-0409
0 0 0 12-0410
0 0 0 12-0411
0 0 0 12-0412
0 0 0 12-0413
0 0 0 12-0414
0 0 0 12-0415
0 0 0 12-0416
0 0 0 12-0417
0 0 0 12-0418
0 0 0 12-0419
0 0 0 12-0420
0 0 0 12-0421
0 0 0 12-0422
0 0 0 12-0423
0 0 0 12-0500
0 0 0 12-0501
0 0 0 12-0502
0 0 0 12-0503
0 0 0 12-0504
0 0 0 12-0505
0 0 0 12-0506
0 0 0 12-0507
0 0 0 12-0508
0 0 0 12-0509
0 0 0 12-0510
0 0 0 12-0511
0 0 0 12-0512
0 0 0 12-0513
0 0 0 12-0514
0 0 0 12-0515
0 0 0 12-0516
0 0 0 12-0517
0 0 0 12-0518
0 0 0 12-0519
0 0 0 12-0520
0 0 0 12-0521
0 0 0 12-0522
0 0 0 12-0523
0 0 0 12-0600
0 0 0 12-0601
0 0 0 12-0602
0 0 0 12-0603
0 0 0 12-0604
0 0 0 12-0605
0 0 0 12-0606
0 0 0 12-0607
0 0 0 12-0608
0 0 0 12-0609
0 0 0 12-0610
0 0 0 12-0611
0 0 0 12-0612
0 0 0 12-0613
0 0 0 12-0614
0 0 0 12-0615
0 0 0 12-0616
0 0 0 12-0617
0 0 0 12-0618
0 0 0 12-0619
0 0 0 12-0620
0 0 0 12-0621
0 0 0 12-0622
0 0 0 12-0623
0 0 0 12-0700
0 0 0 12-0701
0 0 0 12-0702
0 0 0 12-0703
0 0 0 12-0704
0 0 0 12-0705
0 0 0 12-0706
0 0 0 12-0707
0 0 0 12-0708
0 0 0 12-0709
0 0 0 12-0710
